-219.5431
-78.1011
-367.3466
-319.4217
0.7318
-158.3479
-234.1966
-224.3985
-183.9817
-156.2557
-80.0759
-99.1601
-216.3046
-205.6127
-71.1377
-352.4311
-110.3517
-587.1035
-95.4625
-302.0687
-225.3543
-72.7721
-311.5873
-210.5049
-126.4831
-384.6204
-125.6430
-329.2451
-178.3190
-123.0455
-132.1334
-399.2923
-112.3866
-90.2974
-357.3213
-481.8449
-140.1068
-123.0062
-224.7940
-141.2123
-102.0527
-149.3313
-96.9964
-105.3252
-32.8543
-43.0895
-424.7820
-99.2830
-374.3982
-91.3620
-281.5480
-359.4218
-315.3386
-77.8287
-202.3318
-161.1218
-98.3368
57.8159
-155.2446
-310.8101
-138.8289
-421.3833
-81.2378
-273.7630
-105.5562
-85.6950
-92.8575
-237.0630
-48.2057
-98.7381
-51.8621
-212.4113
-438.1005
-340.3709
-409.0391
-303.4684
-60.1615
-109.3402
-172.0694
-75.5611
-322.4183
-189.7232
-268.0989
-158.7120
-45.0139
-176.2733
-168.2209
-228.6058
-62.6562
-283.4939
-384.0399
-430.5296
-82.2372
-49.2782
-350.4561
-323.1623
-290.9129
-160.8792
-240.0676
-106.2513
-475.6282
-396.7864
-32.3073
-327.3326
-327.5753
-36.7932
-368.1004
-113.8867
-231.3419
-289.2784
-104.6888
-164.2236
-189.0993
-118.8943
-288.5068
-75.7107
-103.8170
-211.7425
-104.7461
-87.1888
-177.0628
-469.1672
-364.3756
-122.9714
-306.2196
-66.2985
-135.1906
-82.8358
-63.2130
-469.6945
-368.9009
-238.4652
-70.6158
-23.2115
-272.0082
-143.8054
-273.7783
-282.7575
-148.5276
-162.9665
-157.5661
-330.8944
-259.4761
-44.0008
-164.1329
-93.2075
-125.4017
-78.0299
-476.8904
-135.8464
-213.6931
-74.9309
-152.3693
-73.1816
-177.5768
-276.0982
-382.1540
-473.1476
-336.0196
-67.7971
-157.0708
-88.0843
-286.6115
-59.7344
-185.7772
-208.4842
-285.9107
-71.3685
-81.8595
-77.6934
-310.2110
-113.5486
-443.3112
-104.3536
-174.0573
-98.7721
-331.8775
-97.7707
-250.7892
-91.4555
-421.5523
-491.3075
-103.8942
-161.7703
-140.2854
-83.1457
-370.3964
-80.6124
-111.4083
-305.8884
-62.1423
-106.3538
-11.8013
-42.9667
-81.1577
-480.9623
-72.8393
-85.8442
-449.6723
-219.7869
-7.9091
-131.8348
-75.1740
-227.5394
-63.7384
-43.9899
-213.9068
-117.5030
-6.2671
-73.1488
-28.3211
-74.8274
-94.8945
-299.7111
-228.3112
-256.0716
-32.6625
-103.7925
-184.9151
-144.4166
-53.7571
-180.7996
-84.6443
-362.3423
-214.8178
-222.5381
-221.2170
-242.3979
-135.6024
-187.5066
-170.0198
-97.6022
-255.9554
-104.9629
-179.8157
-43.3486
-267.9626
-260.8653
-36.1952
-54.1723
-229.2487
2.0521
-41.9690
-241.4382
5.8498
-0.7487
-532.6737
-106.7017
-164.7004
-255.1684
-118.7709
-102.4823
-332.7083
-241.8026
-10.6978
56.4815
-121.1056
-131.1088
-84.3877
-68.1441
-218.5384
-236.7974
-376.5815
-291.5424
-169.9141
-53.7034
-61.3699
-84.2567
-119.7895
-41.8127
-73.5582
-48.7117
-53.2395
-28.4965
-3.0263
-81.7315
-131.5111
-196.7211
-63.5760
-212.2571
-123.9461
-9.1083
-77.1016
-22.3022
-66.7968
-111.9316
-372.1186
-181.9412
-40.2475
-134.9755
-107.2492
-51.5583
-213.1707
-637.9502
-138.3775
-252.6265
-69.9913
-335.9943
-380.7238
-86.3447
-554.4432
-356.7701
64.1685
-128.7975
-302.7778
-234.3477
-179.8262
-363.2455
-115.1548
-191.6496
-156.1109
-139.0032
-33.8005
-28.1537
-24.1670
-247.3803
-223.7675
-244.4222
-49.0538
-93.2469
-27.1843
-90.7112
-22.7814
-53.0483
-152.9412
-19.9539
-67.9923
-57.6539
-133.2873
-76.9130
-91.4942
-199.6764
12.5467
-150.6124
-69.5916
-50.6929
-89.2886
-55.3559
-182.4036
-28.3208
-45.3467
-86.9097
-68.9293
-68.8963
-122.9500
-106.2430
-242.3545
-69.1508
-277.4823
-196.8633
-201.4609
-72.8473
-49.8207
-131.2498
-39.5561
-3.4310
-75.6984
-149.2260
-46.0138
-58.2463
-453.7670
-4.1737
-204.7893
-29.2684
-39.4087
-64.4504
-44.6256
-75.5439
5.7216
-120.2216
-76.8807
-25.8068
-87.8633
-34.1944
-46.8987
-74.1090
-38.6409
8.8147
-269.5031
-66.4857
-9.0548
-11.6786
-47.5358
-55.0755
-55.0545
8.3196
15.4684
-203.0056
1.9721
-143.9093
-179.0134
-101.0150
14.6293
-95.7044
-24.7460
-47.0565
-69.5896
-209.6256
22.3295
-68.9015
-41.3766
-245.0294
-34.7519
-145.3285
-31.7355
-78.5476
-49.0753
-156.9986
-29.9953
-54.3974
-17.7929
-200.0371
-133.8572
-3.5610
-147.7330
21.5058
-201.6168
13.0048
14.0069
-121.4682
-103.5358
-255.4409
-289.3174
-40.7670
6.5758
-285.9996
-44.8134
0.7025
-0.0337
-40.9492
-71.7023
-96.8328
-243.3496
-243.0674
-26.9099
-159.5690
-113.2887
-78.9401
-34.4788
17.6257
-54.6008
-32.0459
-43.1251
-251.7464
-178.6499
48.0140
-232.9423
-7.8782
-68.3003
56.4637
-6.5834
-39.2715
-264.2444
1.4459
-7.9099
33.0934
-60.5572
-67.0477
-4.0452
11.4339
-16.3751
-37.9786
-249.0466
-37.5137
-248.1592
-33.5042
-69.7198
33.4116
-104.1030
-54.9595
-229.0973
-89.0360
-419.9889
-3.2327
-3.5327
-214.6729
-211.1088
-110.8576
-225.3897
-31.4095
-70.1250
7.8332
-140.3617
-52.4559
-25.0835
-129.6310
49.5485
-46.6746
-146.0282
-14.8454
-107.4697
-117.5371
-185.0378
-204.4999
-228.2955
-130.3816
-227.4718
-97.8507
-28.6612
-55.1722
-227.7831
-42.7870
-174.2607
-297.1212
-64.9126
-107.2072
-152.3221
23.9255
-214.3320
-246.5062
-14.0943
-137.0738
-57.9714
48.3508
-8.3726
52.3819
-169.5005
-47.9697
-45.3280
-175.6700
-51.5648
-10.7314
-118.4691
-2.3051
-11.1608
-161.2213
22.5383
-17.3609
-177.2436
36.1077
0.9225
10.0153
-25.0390
20.8622
-33.1699
19.4740
86.3791
-4.9270
-12.3713
-6.5298
60.4989
-32.8436
46.1868
29.1699
41.8683
35.9379
9.9073
44.3120
-26.2760
3.7615
-43.8853
-19.5563
92.1980
27.0564
2.1725
115.0997
-56.4876
-195.9795
5.2589
-46.1909
39.7498
56.1732
2.9368
29.9615
4.0596
-24.1569
-5.3301
47.0850
29.3039
-37.5505
-29.7147
-64.8303
34.3923
81.2198
-209.0562
16.1806
36.2283
34.6007
44.5082
40.6829
101.6851
14.7858
49.6139
28.9463
59.4048
-25.5216
-82.8771
24.9530
10.2313
24.8772
5.4763
44.4566
63.4479
22.9375
46.2354
66.8118
-155.9294
31.5563
-105.4077
-136.3683
-64.5719
67.2005
-239.8731
31.3771
-4.0072
-148.3227
6.6548
-27.0623
11.2308
-137.6955
-181.6055
-24.7519
55.4472
18.0265
-45.9871
-18.3775
-24.9210
38.7538
-40.1284
14.6034
-15.7768
26.0817
47.4275
-52.5095
38.8205
-5.3133
21.3133
41.5446
93.3903
-4.6451
1.7724
22.8438
-38.4259
39.4552
-7.7127
-27.6658
-8.4322
23.2156
18.2043
-52.4151
-14.4949
-2.5479
-14.4636
19.0391
11.7522
36.4070
80.0897
-20.6964
-24.7508
45.4230
-22.9200
38.1583
52.0358
29.2994
-45.9841
72.0893
24.2772
-59.6124
35.3248
-110.5298
5.5242
53.4409
55.8273
-56.0150
21.8449
-14.6739
-54.8715
49.2209
42.9243
60.5437
-3.1668
-14.8179
-14.5032
-43.9048
71.4200
79.2583
80.6244
-28.8123
60.0916
-121.4818
7.3989
4.8877
5.4717
56.9161
88.1990
78.1565
43.8440
-1.4966
-54.9413
124.3560
-24.7290
38.0173
21.0451
103.1289
-3.8248
58.0632
-121.3360
-56.2252
82.0632
71.8260
-163.8190
-29.5962
-86.4265
-113.7001
31.7131
-57.3329
-11.8872
-10.9805
-245.2105
74.0645
-26.8942
-79.9207
-32.3761
-30.0669
-50.3124
-4.4019
-26.2986
4.5638
-152.2953
-64.9209
-48.7735
-126.1609
55.9333
-76.7108
-145.8442
-80.8981
-172.5802
-73.6857
-188.9660
-170.8685
-155.3863
-130.1371
-158.1232
-169.2504
-168.9606
-172.0325
-115.4668
-210.7552
-84.1578
-264.2953
-291.9968
-313.3274
-366.3758
-116.6847
-193.1780
-138.9486
-227.1105
-77.0869
-243.3214
-135.5434
-2.6547
-37.6966
-7.0831
83.6054
10.5043
39.3304
-11.7669
77.7014
77.7140
17.1888
-57.5840
-14.1284
5.4407
-56.8751
76.6936
26.5529
9.3322
8.3350
14.6901
55.8257
3.3090
40.2594
10.1432
25.8749
23.0143
52.9461
-14.1058
18.5097
47.1666
30.3917
74.4017
6.2975
-1.8362
-3.6262
6.8861
11.9570
19.8922
54.3787
-1.9519
-44.7034
50.0940
-4.3706
3.9025
-37.1066
71.9011
-13.0197
-39.8809
14.2499
20.7808
35.8251
-24.9491
-24.6939
-36.6763
-35.0130
-144.1206
49.9182
46.9669
0.8567
58.8304
8.9279
120.3557
42.8560
38.5180
39.1736
20.0455
57.1231
-107.0342
42.3135
-113.4516
-0.1008
47.1360
48.3923
37.6321
59.8039
32.4342
-188.7468
-0.1536
112.3786
9.3966
93.1898
33.1458
-244.4477
38.1702
61.7384
84.0518
44.0492
-1.7569
58.6419
29.6546
6.9571
39.0907
30.1585
26.4191
-48.8557
50.9728
37.1365
-2.4627
-23.1015
1.5815
47.6753
26.8760
-7.1905
30.7983
47.8504
23.2553
34.4285
77.5892
58.8094
12.5959
-20.3578
11.7684
6.3569
-1.7963
44.6433
28.6247
-17.3197
18.7833
29.6371
-21.0045
17.5333
-41.5435
27.9459
-18.2207
23.5075
31.4611
7.9794
36.1998
6.0970
14.7091
-7.9987
16.6504
40.2023
50.0128
110.9139
17.7421
-16.0775
41.2528
0.4867
-9.4241
0.1426
2.3537
14.3428
25.7068
66.2974
34.2674
12.7746
99.6634
74.7183
91.3795
91.1098
11.2383
-16.2452
15.5095
95.7644
22.6425
-43.7874
-61.7091
48.7825
20.1504
97.3007
-8.5786
5.3290
21.9813
53.2503
2.6957
88.1293
36.8966
-28.9612
11.4901
20.2680
-37.6139
-137.2097
73.5024
46.9849
137.4753
-26.7903
94.6107
77.2228
51.0876
-5.2447
121.8140
92.0989
48.0979
42.7683
79.5653
-21.5789
-5.5823
110.4293
16.1436
27.6173
31.6117
5.0508
96.5455
-20.6532
16.5154
35.3856
-120.6788
68.0591
7.2874
-22.7345
44.7947
-13.4004
86.0309
-9.5661
108.5614
28.3605
59.1169
-74.5776
-26.7792
-233.8335
112.9010
-87.3305
-68.0561
-23.5281
-20.7618
-91.8864
-17.9403
-57.8008
12.4164
5.5231
59.6254
-17.8359
-22.3596
59.1311
88.9604
62.4587
4.0885
12.2838
-5.0224
21.2782
-2.2926
-46.8165
-8.0079
-48.1857
-3.2786
-61.3869
-23.8670
-12.3125
-18.8136
-0.6509
6.9430
-31.3449
-36.5263
0.2626
-31.3873
65.4245
8.9700
-19.3482
-12.1110
18.1254
