-219.5431
-78.1011
-367.3466
-319.4217
0.7318
-158.3479
-234.1966
-224.3985
-183.9817
-156.2557
-80.0759
-99.1601
-216.3046
-205.6127
-71.1377
-352.4311
-110.3517
-587.1035
-95.4625
-302.0687
-225.3543
-72.7721
-311.5873
-210.5049
-126.4831
-384.6204
-125.6430
-329.2451
-178.3190
-123.0455
-132.1334
-399.2923
-112.3866
-90.2974
-357.3213
-481.8449
-140.1068
-123.0062
-224.7940
-141.2123
-102.0527
-149.3313
-96.9964
-105.3252
-32.8543
-43.0895
-424.7820
-99.2830
-374.3982
-91.3620
-281.5480
-359.4218
-315.3386
-77.8287
-202.3318
-161.1218
-98.3368
57.8159
-155.2446
-310.8101
-138.8289
-421.3833
-81.2378
-273.7630
-105.5562
-85.6950
-92.8575
-237.0630
-48.2057
-98.7381
-51.8621
-212.4113
-438.1005
-340.3709
-409.0391
-303.4684
-60.1615
-109.3402
-172.0694
-75.5611
-322.4183
-189.7232
-268.0989
-158.7120
-45.0139
-176.2733
-168.2209
-228.6058
-62.6562
-283.4939
-384.0399
-430.5296
-82.2372
-49.2782
-350.4561
-323.1623
-290.9129
-160.8792
-240.0676
-106.2513
-475.6282
-396.7864
-32.3073
-327.3326
-327.5753
-36.7932
-368.1004
-113.8867
-231.3419
-289.2784
-104.6888
-164.2236
-189.0993
-118.8943
-288.5068
-75.7107
-103.8170
-211.7425
-104.7461
-87.1888
-177.0628
-469.1672
-364.3756
-122.9714
-306.2196
-66.2985
-135.1906
-82.8358
-63.2130
-469.6945
-368.9009
-238.4652
-70.6158
-23.2115
-272.0082
-143.8054
-273.7783
-282.7575
-148.5276
-162.9665
-157.5661
-330.8944
-259.4761
-44.0008
-164.1329
-93.2075
-125.4017
-78.0299
-476.8904
-135.8464
-213.6931
-74.9309
-152.3693
-73.1816
-177.5768
-276.0982
-382.1540
-473.1476
-336.0196
-67.7971
-157.0708
-88.0843
-286.6115
-59.7344
-185.7772
-208.4842
-285.9107
-71.3685
-81.8595
-77.6934
-310.2110
-113.5486
-443.3112
-104.3536
-174.0573
-98.7721
-331.8775
-97.7707
-250.7892
-91.4555
-421.5523
-491.3075
-103.8942
-161.7703
-140.2854
-83.1457
-370.3964
-80.6124
-111.4083
-305.8884
-62.1423
-106.3538
-11.8013
-42.9667
-81.1577
-480.9623
-72.8393
-85.8442
-449.6723
-219.7869
-7.9091
-131.8348
-75.1740
-227.5394
-63.7384
-43.9899
-213.9068
-117.5030
-6.2671
-73.1488
-28.3211
-74.8274
-94.8945
-299.7111
-228.3112
-256.0716
-32.6625
-103.7925
-184.9151
-144.4166
-53.7571
-180.7996
-84.6443
-362.3423
-214.8178
-222.5381
-221.2170
-242.3979
-135.6024
-187.5066
-170.0198
-97.6022
-255.9554
-104.9629
-179.8157
-43.3486
-267.9626
-260.8653
-36.1952
-54.1723
-229.2487
2.0521
-41.9690
-241.4382
5.8498
-0.7487
-532.6737
-106.7017
-164.7004
-255.1684
