-219.5431
-78.1011
-367.3466
-319.4217
0.7318
-158.3479
-234.1966
-224.3985
-183.9817
-156.2557
-80.0759
-99.1601
-216.3046
-205.6127
-71.1377
-352.4311
-110.3517
-587.1035
-95.4625
-302.0687
-225.3543
-72.7721
-311.5873
-210.5049
-126.4831
-384.6204
-125.6430
-329.2451
-178.3190
-123.0455
-132.1334
-399.2923
-112.3866
-90.2974
-357.3213
-481.8449
-140.1068
-123.0062
-224.7940
-141.2123
-102.0527
-149.3313
-96.9964
-105.3252
-32.8543
-43.0895
-424.7820
-99.2830
-374.3982
-91.3620
-281.5480
-359.4218
-315.3386
-77.8287
-202.3318
-161.1218
-98.3368
57.8159
-155.2446
-310.8101
-138.8289
-421.3833
-81.2378
-273.7630
-105.5562
-85.6950
-92.8575
-237.0630
-48.2057
-98.7381
-51.8621
-212.4113
-438.1005
-340.3709
-409.0391
-303.4684
-60.1615
-109.3402
-172.0694
-75.5611
-322.4183
-189.7232
-268.0989
-158.7120
-45.0139
-176.2733
-168.2209
-228.6058
-62.6562
-283.4939
-384.0399
-430.5296
-82.2372
-49.2782
-350.4561
-323.1623
-290.9129
-160.8792
-240.0676
-106.2513
-475.6282
-396.7864
-32.3073
-327.3326
-327.5753
-36.7932
-368.1004
-113.8867
-231.3419
-289.2784
-104.6888
-164.2236
-189.0993
-118.8943
-288.5068
-75.7107
-103.8170
-211.7425
-104.7461
-87.1888
-177.0628
-469.1672
-364.3756
-122.9714
-306.2196
-66.2985
-135.1906
-82.8358
-63.2130
-469.6945
-368.9009
-238.4652
-70.6158
-23.2115
-272.0082
-143.8054
-273.7783
-282.7575
-148.5276
-162.9665
-157.5661
-330.8944
-259.4761
-44.0008
-164.1329
-93.2075
-125.4017
-78.0299
-476.8904
-135.8464
-213.6931
-74.9309
-152.3693
-73.1816
-177.5768
-276.0982
-382.1540
-473.1476
-336.0196
-67.7971
-157.0708
-88.0843
-286.6115
-59.7344
-185.7772
-208.4842
-285.9107
-71.3685
-81.8595
-77.6934
-310.2110
-113.5486
-443.3112
-104.3536
-174.0573
-98.7721
-331.8775
-97.7707
-250.7892
-91.4555
-421.5523
-491.3075
-103.8942
-161.7703
-140.2854
-83.1457
-370.3964
-80.6124
-111.4083
-305.8884
-62.1423
-106.3538
-11.8013
-42.9667
-81.1577
-480.9623
-72.8393
-85.8442
-449.6723
-219.7869
-7.9091
-131.8348
-75.1740
-227.5394
-63.7384
-43.9899
-213.9068
-117.5030
-6.2671
-73.1488
-28.3211
-74.8274
-94.8945
-299.7111
-228.3112
-256.0716
-32.6625
-103.7925
-184.9151
-144.4166
-53.7571
-180.7996
-84.6443
-362.3423
-214.8178
-222.5381
-221.2170
-242.3979
-135.6024
-187.5066
-170.0198
-97.6022
-255.9554
-104.9629
-179.8157
-43.3486
-267.9626
-260.8653
-36.1952
-54.1723
-229.2487
2.0521
-41.9690
-241.4382
5.8498
-0.7487
-532.6737
-106.7017
-164.7004
-255.1684
-118.7709
-102.4823
-332.7083
-241.8026
-10.6978
56.4815
-121.1056
-131.1088
-84.3877
-68.1441
-218.5384
-236.7974
-376.5815
-291.5424
-169.9141
-53.7034
-61.3699
-84.2567
-119.7895
-41.8127
-73.5582
-48.7117
-53.2395
-28.4965
-3.0263
-81.7315
-131.5111
-196.7211
-63.5760
-212.2571
-123.9461
-9.1083
-77.1016
-22.3022
-66.7968
-111.9316
-372.1186
-181.9412
-40.2475
-134.9755
-107.2492
-51.5583
-213.1707
-637.9502
-138.3775
-252.6265
-69.9913
-335.9943
-380.7238
-86.3447
-554.4432
-356.7701
64.1685
-128.7975
-302.7778
-234.3477
-179.8262
-363.2455
-115.1548
-191.6496
-156.1109
-139.0032
-33.8005
-28.1537
-24.1670
-247.3803
-223.7675
-244.4222
-49.0538
-93.2469
-27.1843
-90.7112
-22.7814
-53.0483
-152.9412
-19.9539
-67.9923
-57.6539
-133.2873
-76.9130
-91.4942
-199.6764
12.5467
-150.6124
-69.5916
-50.6929
-89.2886
-55.3559
-182.4036
-28.3208
-45.3467
-86.9097
-68.9293
-68.8963
-122.9500
-106.2430
-242.3545
-69.1508
-277.4823
-196.8633
-201.4609
-72.8473
-49.8207
-131.2498
-39.5561
-3.4310
-75.6984
-149.2260
-46.0138
-58.2463
-453.7670
-4.1737
-204.7893
-29.2684
-39.4087
-64.4504
-44.6256
-75.5439
5.7216
-120.2216
-76.8807
-25.8068
-87.8633
-34.1944
-46.8987
-74.1090
-38.6409
8.8147
-269.5031
-66.4857
-9.0548
-11.6786
-47.5358
-55.0755
-55.0545
8.3196
15.4684
-203.0056
1.9721
-143.9093
-179.0134
-101.0150
14.6293
-95.7044
-24.7460
-47.0565
-69.5896
-209.6256
22.3295
-68.9015
-41.3766
-245.0294
-34.7519
-145.3285
-31.7355
-78.5476
-49.0753
-156.9986
-29.9953
-54.3974
-17.7929
-200.0371
-133.8572
-3.5610
-147.7330
21.5058
-201.6168
13.0048
14.0069
-121.4682
-103.5358
-255.4409
-289.3174
-40.7670
6.5758
-285.9996
-44.8134
0.7025
-0.0337
-40.9492
-71.7023
-96.8328
-243.3496
-243.0674
-26.9099
-159.5690
-113.2887
-78.9401
-34.4788
17.6257
-54.6008
-32.0459
-43.1251
-251.7464
-178.6499
48.0140
-232.9423
-7.8782
-68.3003
56.4637
-6.5834
-39.2715
-264.2444
1.4459
-7.9099
33.0934
-60.5572
-67.0477
-4.0452
11.4339
-16.3751
-37.9786
-249.0466
-37.5137
-248.1592
-33.5042
-69.7198
33.4116
-104.1030
-54.9595
-229.0973
-89.0360
-419.9889
-3.2327
-3.5327
-214.6729
-211.1088
-110.8576
-225.3897
-31.4095
-70.1250
7.8332
-140.3617
-52.4559
-25.0835
-129.6310
49.5485
-46.6746
-146.0282
-14.8454
-107.4697
-117.5371
-185.0378
-204.4999
-228.2955
-130.3816
-227.4718
-97.8507
-28.6612
-55.1722
