-263.3729
-304.7898
-64.4470
-298.0562
-100.2028
-331.2935
-431.2050
-86.6498
-29.4774
-42.6313
-368.8100
-402.7356
-172.9417
-462.5285
-93.5785
-82.1933
-432.7455
-187.1916
-141.0075
-304.2876
-166.8862
-172.9372
-185.6331
-94.2395
-95.7641
-89.5874
-82.5870
-180.0874
-365.6943
-60.0370
-236.0812
-88.8434
-319.3002
-263.9358
-213.9337
-220.3196
-151.3385
-8.2731
-199.4992
-472.0461
-255.8286
-105.0601
-126.1388
-71.9087
-429.0184
-105.4193
-290.1139
-90.3638
-236.6096
-298.5559
-296.5269
-296.1822
-132.3404
-65.6857
-137.8313
-75.7859
-83.0170
-107.0882
-122.9880
-72.7763
-258.2914
-127.6340
-98.4442
-394.3815
-5.8143
-233.6673
-149.4596
-161.8793
-204.1918
-358.5933
-80.5761
-147.8375
-167.4130
-76.6193
-170.0386
-113.7139
-226.3437
-63.1426
-410.1475
-133.3529
-143.5099
-52.4306
-470.0414
-12.5778
-133.2460
-322.0612
-263.7989
-109.1557
-86.0912
-83.5693
-412.0231
-164.3906
-102.8563
-69.0522
-362.1002
-182.8907
-195.6646
-205.1921
-157.0898
-255.9817
-346.2110
-288.9297
-442.0070
-113.0065
-218.1313
-150.9772
-146.4193
-185.4659
-205.7783
-111.4732
-277.7428
-378.9598
-78.8992
-272.0877
-201.5327
-103.1299
-175.2158
-267.7760
-181.1657
-323.3943
-266.3330
-129.4930
-163.1289
-97.9647
-147.9740
-299.6170
-150.9546
-158.9907
-178.4407
-223.2938
-135.1553
-69.2772
-73.3767
-339.6135
-56.8030
-298.2755
-83.9284
-129.5761
-177.9511
-109.1779
-94.9985
-180.4746
-118.6620
-92.5410
-114.1238
-126.7637
-385.0512
-292.0505
-131.3058
-293.8666
-74.1714
-88.6018
-175.5255
-121.4648
-67.0642
-127.7684
-290.4561
-57.3869
-225.5989
-107.1263
-306.7942
-164.9312
-87.0551
-335.3830
-422.2912
-209.2979
-352.5173
-179.7403
-159.2945
-345.5996
-84.9516
-168.3338
-337.5407
-427.5034
-102.7971
-430.4327
-75.2994
-197.8176
-203.7361
-286.7870
-376.5060
-222.7486
-285.8880
-110.3556
-146.7735
-189.2077
-165.9599
-111.4320
-50.2074
-96.2014
-259.2040
-327.0429
-150.9681
-127.1096
-199.4685
-104.7388
-307.5676
-296.7318
-27.1820
-186.6320
-332.8552
-56.8468
-166.2853
-96.5111
-225.1454
-160.0810
-109.8156
-232.7087
-208.2131
-53.4667
-115.4845
-240.9232
-81.0091
-394.9315
-325.1537
-396.5392
-186.4896
-548.5381
-192.5989
-266.9869
-253.2487
-255.3291
-314.0770
-113.6747
-129.2520
-262.7108
-390.9872
-217.2475
-384.7911
-315.8012
-96.2687
-293.3180
-181.1487
-100.8540
-283.5055
-123.9234
-306.5653
-134.4700
-108.5787
-443.5077
-302.7315
-312.3422
-367.9936
-327.1943
-430.6510
-24.5290
-190.5701
-86.1425
-176.9612
-423.0913
