-263.3729
-304.7898
-64.4470
-298.0562
-100.2028
-331.2935
-431.2050
-86.6498
-29.4774
-42.6313
-368.8100
-402.7356
-172.9417
-462.5285
-93.5785
-82.1933
-432.7455
-187.1916
-141.0075
-304.2876
-166.8862
-172.9372
-185.6331
-94.2395
-95.7641
-89.5874
-82.5870
-180.0874
-365.6943
-60.0370
-236.0812
-88.8434
-319.3002
-263.9358
-213.9337
-220.3196
-151.3385
-8.2731
-199.4992
-472.0461
-255.8286
-105.0601
-126.1388
-71.9087
-429.0184
-105.4193
-290.1139
-90.3638
-236.6096
-298.5559
-296.5269
-296.1822
-132.3404
-65.6857
-137.8313
-75.7859
-83.0170
-107.0882
-122.9880
-72.7763
-258.2914
-127.6340
-98.4442
-394.3815
-5.8143
-233.6673
-149.4596
-161.8793
-204.1918
-358.5933
-80.5761
-147.8375
-167.4130
-76.6193
-170.0386
-113.7139
-226.3437
-63.1426
-410.1475
-133.3529
-143.5099
-52.4306
-470.0414
-12.5778
-133.2460
-322.0612
-263.7989
-109.1557
-86.0912
-83.5693
-412.0231
-164.3906
-102.8563
-69.0522
-362.1002
-182.8907
-195.6646
-205.1921
-157.0898
-255.9817
-346.2110
-288.9297
-442.0070
-113.0065
-218.1313
-150.9772
-146.4193
-185.4659
-205.7783
-111.4732
-277.7428
-378.9598
-78.8992
-272.0877
-201.5327
-103.1299
-175.2158
-267.7760
-181.1657
-323.3943
-266.3330
-129.4930
-163.1289
-97.9647
-147.9740
-299.6170
-150.9546
-158.9907
-178.4407
-223.2938
-135.1553
-69.2772
-73.3767
-339.6135
-56.8030
-298.2755
-83.9284
-129.5761
-177.9511
-109.1779
-94.9985
-180.4746
-118.6620
-92.5410
-114.1238
-126.7637
-385.0512
-292.0505
-131.3058
-293.8666
-74.1714
-88.6018
-175.5255
-121.4648
-67.0642
-127.7684
-290.4561
-57.3869
-225.5989
-107.1263
-306.7942
-164.9312
-87.0551
-335.3830
-422.2912
-209.2979
-352.5173
-179.7403
-159.2945
-345.5996
-84.9516
-168.3338
-337.5407
-427.5034
-102.7971
-430.4327
-75.2994
-197.8176
-203.7361
-286.7870
-376.5060
-222.7486
-285.8880
-110.3556
-146.7735
-189.2077
-165.9599
-111.4320
-50.2074
-96.2014
-259.2040
-327.0429
-150.9681
-127.1096
-199.4685
-104.7388
-307.5676
-296.7318
-27.1820
-186.6320
-332.8552
-56.8468
-166.2853
-96.5111
-225.1454
-160.0810
-109.8156
-232.7087
-208.2131
-53.4667
-115.4845
-240.9232
-81.0091
-394.9315
-325.1537
-396.5392
-186.4896
-548.5381
-192.5989
-266.9869
-253.2487
-255.3291
-314.0770
-113.6747
-129.2520
-262.7108
-390.9872
-217.2475
-384.7911
-315.8012
-96.2687
-293.3180
-181.1487
-100.8540
-283.5055
-123.9234
-306.5653
-134.4700
-108.5787
-443.5077
-302.7315
-312.3422
-367.9936
-327.1943
-430.6510
-24.5290
-190.5701
-86.1425
-176.9612
-423.0913
-502.4238
-440.9879
-69.8670
-38.7191
-102.9541
-181.1490
-224.3378
-464.6529
-340.1205
-199.8689
-247.3628
-163.7384
-296.7098
-161.8083
-122.0618
-367.9970
-99.3884
-109.2217
-128.1217
-133.3547
-179.8503
-75.6994
-379.3335
-180.7627
-157.7139
-270.9140
-166.5403
-300.9216
-70.8277
-125.5940
-61.2029
-270.1190
-104.4134
-215.5649
-190.8690
-381.3382
-325.3750
-105.6776
-100.0910
-98.5870
-86.0946
-318.2618
-293.7561
-370.2608
-284.1275
-111.7100
-45.3097
-380.3454
-175.2900
-266.8859
-87.4976
-351.2568
-398.7058
-371.2720
-349.2802
-342.9954
-329.2805
-200.1951
-339.7899
-373.4968
-224.0717
-366.4052
-303.5278
-352.1182
-149.7458
-342.3343
-146.6357
-358.2552
-146.3559
-164.3653
-163.8425
-312.2214
-375.5044
-228.3204
-180.6930
-79.9876
-55.8629
-49.9441
-393.7747
-289.1441
-162.1663
-274.6161
-120.9828
-248.0286
-121.6956
-123.4317
-207.5475
-268.6718
-329.4631
-172.4487
-291.7200
-74.0718
-109.5651
-330.9947
-86.0282
-57.5349
-94.2854
-95.0151
-242.5190
-182.1516
-223.6979
-303.4894
-249.3052
-328.8179
-280.1916
-133.7330
-244.0065
-168.2342
-116.2652
-379.2652
-107.6418
-209.2718
-203.2222
-208.9384
-134.8633
-265.0175
-172.7884
9.9243
13.9526
-94.5897
-74.2699
-369.2662
-418.0174
-156.7830
-59.7023
-193.4365
-39.0736
-382.2186
-344.5462
-51.2356
-131.5616
-114.4430
-120.0070
-129.9654
-439.3755
-219.3982
-112.3354
-368.1951
-234.8246
-38.5751
-190.8888
-53.4991
-119.6502
-151.0636
-255.5387
-78.8520
-225.3980
-76.6690
-82.2918
-139.5838
-268.3985
-292.0498
-155.4997
-154.4345
-294.1646
-221.5496
-58.5679
-467.4838
-138.6299
-23.9778
-110.8717
-112.8250
-457.8350
-119.4056
-294.5590
-249.8682
-302.9999
-371.1151
-60.4944
-295.1982
-78.6663
-54.0332
-358.8680
-404.6214
-167.5753
-75.2100
-262.9581
-230.6489
-85.4031
-164.1688
-196.1649
-86.7900
-53.4141
-280.8858
-116.7907
-273.3361
-81.8088
-52.8984
-245.3015
-258.7529
-94.1073
-36.8048
-234.3633
-74.8292
-267.5743
-369.3700
-159.6060
-66.9707
-249.9244
-324.8042
-492.2642
-239.5903
-189.4856
-146.5596
-226.8084
-258.4734
-113.3221
-264.8713
-246.2700
-144.2186
-149.4674
-452.8458
-307.6040
-250.5037
-71.9431
-336.7251
-135.8952
-189.7623
-61.5573
-443.2021
-143.7619
-19.7846
-268.8074
-239.7699
-384.5883
-150.8005
-101.7820
-496.9270
-316.0202
-248.2652
-412.6323
-82.7426
-196.5079
-225.3902
-209.4934
-282.7610
-43.7258
-407.4223
-153.1012
-195.4358
-62.8576
-180.1214
-373.0834
-399.4601
-244.4573
-149.5150
-123.6271
-112.9117
-166.9824
-71.8713
-228.4907
-234.6212
-174.6791
-32.6412
-382.1646
-188.3526
-328.7180
-214.5403
-210.2125
-429.3270
-337.7870
-295.4961
-337.6954
-201.2439
-218.9726
-526.3834
-288.4363
-220.5528
-107.3241
-179.2565
-29.4368
-171.3118
-55.6928
-470.9112
-556.7465
-275.7149
-59.1891
-298.5335
-367.0516
-136.9897
-231.8784
-172.4668
-318.2930
-53.0262
-430.0726
-333.5403
-203.8314
-105.3795
-373.7855
-274.5501
-328.0561
-104.5881
-9.7105
-151.5858
-53.4155
-220.3675
-241.1022
-190.7544
-375.2146
-477.6654
-23.6121
-28.5061
-212.9708
-58.7396
-469.3615
-122.8720
-70.8042
-315.7057
-426.0381
-352.5880
-506.3259
-343.9818
-537.8510
-285.2319
-81.1041
-149.8666
-173.1981
-51.6882
-173.6462
-178.6298
-216.1342
-151.2965
-337.9299
-101.0769
-216.7690
-91.9829
-0.6170
-236.6308
-572.1317
-380.0191
-337.9717
-254.3162
-478.5246
-348.3854
-44.7967
-17.4320
-366.9548
-1.9799
-44.2829
-338.8194
-244.2289
-366.6585
-44.9692
-277.3356
-450.1386
-542.6218
-277.2382
-405.5186
-182.0860
-520.7932
-394.8868
-400.4369
-161.9303
-48.8842
-269.2395
-260.5626
-211.6455
-597.8501
-126.2448
-137.9761
-158.3250
36.2814
23.8100
-129.0272
-346.8997
-198.8986
-194.0432
-70.1403
-348.3135
-15.4394
-74.3302
-440.6997
-83.7114
-349.2758
-297.1682
-89.2870
-485.9473
-346.9350
-78.7312
-467.9757
-93.0636
-94.0715
-361.5418
-395.8756
-293.8601
-337.0095
-170.2660
-276.8255
-232.6871
-54.0464
-287.2974
-367.7953
-452.2227
-206.9917
-14.7826
-203.3754
-392.2581
-287.7596
-254.3667
-248.5791
-196.7886
-262.0649
-126.4804
25.2828
-384.9094
11.9831
-76.4857
-267.6652
-2.4330
-358.8174
16.6920
-45.6252
-480.3640
-481.8467
-482.8056
-72.7168
-368.9949
-70.7528
-94.2362
-81.1170
0.6244
43.1555
-164.1642
12.7938
-543.2422
-126.1881
-204.7517
-217.0626
-87.4084
-44.0886
-31.5134
-71.9255
-444.0634
-28.6379
-278.4985
-550.9778
-245.2381
-134.7966
-248.3277
-555.4111
-239.4308
-174.3678
-164.1432
-58.6127
-192.8319
-376.2978
-39.4040
-100.4591
-58.5106
-33.2458
-176.0151
-344.1254
-246.0038
-480.2163
-21.4957
-48.2524
-638.2653
-2.8273
-287.8729
-539.3169
-113.7939
37.1350
-441.6471
-163.5449
-130.5590
-19.3582
-375.8664
-37.5684
-23.5392
-335.0685
-249.8691
-128.7696
-245.1194
-306.5969
-77.7406
-212.8158
-92.7963
-286.4279
-195.6606
-219.3683
-209.4508
-67.0002
-60.1118
-145.4672
-199.4783
-226.5613
-237.0755
-172.6296
-294.8647
-162.0080
-48.4527
-409.0190
-127.4418
-38.4099
-47.6237
-19.0750
-291.6839
-128.4523
-71.4567
-207.9529
-188.6372
-55.0493
11.8639
-206.3569
-187.2075
-106.7621
-44.4862
-69.1286
-104.7325
-205.5010
-67.2595
-54.5713
-282.5714
-8.2341
30.8094
12.9672
-176.8659
-261.9940
39.1013
-33.2097
-111.5411
-237.7000
-40.7182
-93.6945
-67.4147
-26.7314
-102.5533
-120.6238
-21.5824
-215.4234
-32.9242
-114.9537
-437.2352
29.4939
-23.4452
-71.4774
-25.7778
-9.0911
-29.2660
-10.0198
66.4587
-16.9608
-420.8416
-198.8159
-8.6317
-33.5048
29.7978
-23.4034
-37.7212
-130.9591
19.4663
-23.1343
-45.3460
-178.6774
-12.2723
-82.4552
-38.5788
7.2929
-330.9287
-226.8079
-56.6032
21.0167
-76.5100
-40.7832
36.6763
-53.3591
-60.6516
-96.2119
44.6394
-96.1308
-207.0053
-187.9585
-4.5906
12.1620
-244.7779
-33.4987
-250.3358
-9.8148
-238.1877
-14.6622
-114.6083
13.0118
48.1926
-253.0325
-18.1475
-211.3552
-37.0519
10.2431
-140.5953
-90.7754
-134.9373
-71.0770
17.2297
-81.5166
10.8245
-18.1124
-21.3584
-202.0526
24.9055
-29.5679
-26.5112
0.3588
-199.4341
-73.6808
-110.6826
-109.7012
-140.9770
-45.1739
-131.7892
10.3996
3.4342
-22.5811
-19.4990
-279.3280
-216.2552
-141.2773
-13.4199
-153.5782
-55.6493
-4.6453
17.2048
7.1864
-232.5552
-278.1879
-132.0065
-221.8143
3.8158
-13.2926
-149.7752
-364.8865
-206.2624
-66.6244
-48.1967
-38.6821
-197.0820
-94.0208
28.1651
-469.3724
-478.0370
-24.0961
-37.5519
-400.8626
-4.3495
-81.9303
-357.1587
-2.5696
54.1428
-55.3126
-7.0281
-37.4202
-4.0836
-101.7012
0.4692
-126.3269
-67.4067
-169.7292
31.3258
51.7248
-9.3343
-5.9774
-41.2934
-165.2052
2.1913
21.4523
-0.8483
20.8655
-26.6293
8.5819
-10.1296
-55.0516
-17.3549
-2.7488
-28.9380
-4.2147
-32.0418
25.7060
-335.0195
4.3100
-25.7182
-22.7753
-42.7834
-44.2868
-15.5626
-21.7635
-290.5492
-54.1164
-48.4030
-1.5627
22.2492
4.9293
-13.7996
4.6246
-70.0916
-47.7919
21.2380
-297.5935
-82.6365
-75.6708
-102.8377
0.7235
-36.8841
-10.8414
25.8970
-68.1098
12.9314
-15.9389
-105.5210
-185.7015
-31.7037
-20.9533
-65.2111
-66.4320
6.5110
13.8231
-96.8921
-3.0254
-40.3480
-42.5636
-45.0111
-215.4241
16.9241
-136.5552
-32.0273
37.6269
-126.6284
-35.1486
-4.4580
-16.1071
11.7299
43.7309
6.3016
-78.2824
49.1466
-11.5992
-126.0609
-35.2528
-29.8801
6.3546
-67.9354
-62.7668
-62.5070
22.6512
-12.8539
7.7705
16.7582
-32.2124
-13.1376
28.7940
12.4969
58.5094
