-263.3729
-304.7898
-64.4470
-298.0562
-100.2028
-331.2935
-431.2050
-86.6498
-29.4774
-42.6313
-368.8100
-402.7356
-172.9417
-462.5285
-93.5785
-82.1933
-432.7455
-187.1916
-141.0075
-304.2876
-166.8862
-172.9372
-185.6331
-94.2395
-95.7641
-89.5874
-82.5870
-180.0874
-365.6943
-60.0370
-236.0812
-88.8434
-319.3002
-263.9358
-213.9337
-220.3196
-151.3385
-8.2731
-199.4992
-472.0461
-255.8286
-105.0601
-126.1388
-71.9087
-429.0184
-105.4193
-290.1139
-90.3638
-236.6096
-298.5559
-296.5269
-296.1822
-132.3404
-65.6857
-137.8313
-75.7859
-83.0170
-107.0882
-122.9880
-72.7763
-258.2914
-127.6340
-98.4442
-394.3815
-5.8143
-233.6673
-149.4596
-161.8793
-204.1918
-358.5933
-80.5761
-147.8375
-167.4130
-76.6193
-170.0386
-113.7139
-226.3437
-63.1426
-410.1475
-133.3529
-143.5099
-52.4306
-470.0414
-12.5778
-133.2460
-322.0612
-263.7989
-109.1557
-86.0912
-83.5693
-412.0231
-164.3906
-102.8563
-69.0522
-362.1002
-182.8907
-195.6646
-205.1921
-157.0898
-255.9817
-346.2110
-288.9297
-442.0070
-113.0065
-218.1313
-150.9772
-146.4193
-185.4659
-205.7783
-111.4732
-277.7428
-378.9598
-78.8992
-272.0877
-201.5327
-103.1299
-175.2158
-267.7760
-181.1657
-323.3943
-266.3330
-129.4930
-163.1289
-97.9647
-147.9740
-299.6170
-150.9546
-158.9907
-178.4407
-223.2938
-135.1553
-69.2772
-73.3767
-339.6135
-56.8030
-298.2755
-83.9284
-129.5761
-177.9511
-109.1779
-94.9985
-180.4746
-118.6620
-92.5410
-114.1238
-126.7637
-385.0512
-292.0505
-131.3058
-293.8666
-74.1714
-88.6018
-175.5255
-121.4648
-67.0642
-127.7684
-290.4561
-57.3869
-225.5989
-107.1263
-306.7942
-164.9312
-87.0551
-335.3830
-422.2912
-209.2979
-352.5173
-179.7403
-159.2945
-345.5996
-84.9516
-168.3338
-337.5407
-427.5034
-102.7971
-430.4327
-75.2994
-197.8176
-203.7361
-286.7870
-376.5060
-222.7486
-285.8880
-110.3556
-146.7735
-189.2077
-165.9599
-111.4320
-50.2074
-96.2014
-259.2040
-327.0429
-150.9681
-127.1096
-199.4685
-104.7388
-307.5676
-296.7318
-27.1820
-186.6320
-332.8552
-56.8468
-166.2853
-96.5111
-225.1454
-160.0810
-109.8156
-232.7087
-208.2131
-53.4667
-115.4845
-240.9232
-81.0091
-394.9315
-325.1537
-396.5392
-186.4896
-548.5381
-192.5989
-266.9869
-253.2487
-255.3291
-314.0770
-113.6747
-129.2520
-262.7108
-390.9872
-217.2475
-384.7911
-315.8012
-96.2687
-293.3180
-181.1487
-100.8540
-283.5055
-123.9234
-306.5653
-134.4700
-108.5787
-443.5077
-302.7315
-312.3422
-367.9936
-327.1943
-430.6510
-24.5290
-190.5701
-86.1425
-176.9612
-423.0913
-502.4238
-440.9879
-69.8670
-38.7191
-102.9541
-181.1490
-224.3378
-464.6529
-340.1205
-199.8689
-247.3628
-163.7384
-296.7098
-161.8083
-122.0618
-367.9970
-99.3884
-109.2217
-128.1217
-133.3547
-179.8503
-75.6994
-379.3335
-180.7627
-157.7139
-270.9140
-166.5403
-300.9216
-70.8277
-125.5940
-61.2029
-270.1190
-104.4134
-215.5649
-190.8690
-381.3382
-325.3750
-105.6776
-100.0910
-98.5870
-86.0946
-318.2618
-293.7561
-370.2608
-284.1275
-111.7100
-45.3097
-380.3454
-175.2900
-266.8859
-87.4976
-351.2568
-398.7058
-371.2720
-349.2802
-342.9954
-329.2805
-200.1951
-339.7899
-373.4968
-224.0717
-366.4052
-303.5278
-352.1182
-149.7458
-342.3343
-146.6357
-358.2552
-146.3559
-164.3653
-163.8425
-312.2214
-375.5044
-228.3204
-180.6930
-79.9876
-55.8629
-49.9441
-393.7747
-289.1441
-162.1663
-274.6161
-120.9828
-248.0286
-121.6956
-123.4317
-207.5475
-268.6718
-329.4631
-172.4487
-291.7200
-74.0718
-109.5651
-330.9947
-86.0282
-57.5349
-94.2854
-95.0151
-242.5190
-182.1516
-223.6979
-303.4894
-249.3052
-328.8179
-280.1916
-133.7330
-244.0065
-168.2342
-116.2652
-379.2652
-107.6418
-209.2718
-203.2222
-208.9384
-134.8633
-265.0175
-172.7884
9.9243
13.9526
-94.5897
-74.2699
-369.2662
-418.0174
-156.7830
-59.7023
-193.4365
-39.0736
-382.2186
-344.5462
-51.2356
-131.5616
-114.4430
-120.0070
-129.9654
-439.3755
-219.3982
-112.3354
-368.1951
-234.8246
-38.5751
-190.8888
-53.4991
-119.6502
-151.0636
-255.5387
-78.8520
-225.3980
-76.6690
-82.2918
-139.5838
-268.3985
-292.0498
-155.4997
-154.4345
-294.1646
-221.5496
-58.5679
-467.4838
-138.6299
-23.9778
-110.8717
-112.8250
-457.8350
-119.4056
-294.5590
-249.8682
-302.9999
-371.1151
-60.4944
-295.1982
-78.6663
-54.0332
-358.8680
-404.6214
-167.5753
-75.2100
-262.9581
-230.6489
-85.4031
-164.1688
-196.1649
-86.7900
-53.4141
-280.8858
-116.7907
-273.3361
-81.8088
-52.8984
-245.3015
-258.7529
-94.1073
-36.8048
-234.3633
-74.8292
-267.5743
-369.3700
-159.6060
-66.9707
-249.9244
-324.8042
-492.2642
-239.5903
-189.4856
-146.5596
-226.8084
-258.4734
-113.3221
-264.8713
-246.2700
-144.2186
-149.4674
-452.8458
-307.6040
-250.5037
-71.9431
-336.7251
-135.8952
-189.7623
-61.5573
-443.2021
-143.7619
-19.7846
-268.8074
-239.7699
-384.5883
-150.8005
-101.7820
-496.9270
-316.0202
-248.2652
-412.6323
-82.7426
-196.5079
-225.3902
-209.4934
-282.7610
-43.7258
-407.4223
-153.1012
-195.4358
-62.8576
-180.1214
-373.0834
-399.4601
-244.4573
-149.5150
-123.6271
-112.9117
-166.9824
-71.8713
