2.6933
-159.9480
-344.0672
-274.2988
-314.7804
-259.6748
-278.5727
-124.7960
-391.7656
-81.6237
-192.7004
-186.5359
-136.0959
-158.0656
-336.2523
-200.4532
-272.6692
-101.0942
-141.7710
-108.9771
-113.1425
-86.5177
-96.0896
-177.7214
-123.0317
-308.2199
-79.3975
-118.8752
-230.7489
127.6639
-107.8251
-114.3325
-64.7144
-109.8108
-67.2216
-91.4289
-189.1483
-110.9882
-103.9436
-116.1648
-156.5311
-223.4508
-130.0001
-122.3911
-145.9092
-104.4782
-117.8044
-83.3109
-89.5264
-91.8552
-183.5613
-214.2670
-87.9308
-206.5701
-111.8406
-136.2315
-76.9536
-50.7017
-102.6230
-112.3862
-67.1509
-139.3345
-64.4301
-183.0508
-262.1097
-150.5047
-62.3994
-126.3106
-114.0932
-110.1005
-107.7835
-150.9288
-130.7656
-210.3948
-115.4970
-286.6389
-184.0502
-6.1841
-76.1456
-200.2632
-105.9604
-130.3138
-144.2349
-210.4727
-467.3907
-252.0385
-265.4173
-116.9801
-38.8336
-120.9624
-62.6188
-79.0697
-347.3139
-533.2756
-172.6679
-337.1241
-259.8054
-72.9928
-95.9110
-259.4969
-404.7655
-214.1080
-361.1251
-231.8460
-72.9240
-293.7495
-314.8681
-156.5819
-207.7068
-197.8270
-322.8971
-188.0260
-339.8812
-358.3985
-223.5510
-63.0960
-272.1942
-122.3602
-104.6210
-102.8209
-87.3340
-165.7598
-33.4480
-244.5351
-54.1392
-210.6260
14.5413
-171.9610
-9.5409
-47.9893
-60.9546
-67.7021
-36.5068
-138.9300
-119.7442
-147.7787
-65.6956
-265.0222
-191.6912
-242.1918
-146.1196
-193.5716
-32.0109
-379.1843
-111.6971
-93.0181
-50.0140
-22.5193
-251.1145
-48.2956
-68.6604
-42.8216
-144.4830
-49.4836
-14.1597
-51.2990
-98.1083
-30.4282
-104.2459
-46.7808
-260.1283
22.3302
-85.3588
-87.0856
-34.3385
-91.5746
-57.2581
-103.5857
-40.0661
-50.3979
-38.9517
-6.4702
-39.6122
-11.1688
-16.4137
-23.8318
-56.9344
-19.2383
-257.1526
-378.5578
-74.8337
-110.8202
-109.3645
-358.7668
-29.1049
8.1335
-261.1105
-262.5001
-63.5423
-210.7520
-228.1639
-172.5984
-169.6685
-52.0025
-131.2192
-59.9135
-143.2265
-35.6212
-120.7454
-241.4828
-71.8725
-144.5798
-47.7439
1.6622
-21.3334
-9.4693
-13.0726
32.1117
2.8077
72.2167
-4.6093
-64.5226
-221.0248
52.2903
-18.2750
110.7532
5.7508
-210.6756
-76.1596
-4.4900
-189.4546
-17.8743
-88.1935
-5.7975
-93.3574
-10.9449
-39.3954
-50.5319
-46.2100
-41.7250
-31.0602
-50.2531
-61.8615
-312.1169
-143.1544
-55.4226
-63.9056
-3.3332
-121.8843
-78.5101
-64.5056
-48.2193
-39.6298
-65.9025
-13.0249
-51.1104
52.2963
-71.6801
-33.8689
-17.0394
-59.5276
-56.1692
-34.8075
-25.9036
-27.6578
-40.2613
-38.8819
19.8994
48.1929
50.7258
-50.6527
-162.1112
71.1923
-19.9191
7.6868
23.8751
-7.8696
-31.8264
36.2835
21.7465
85.1750
50.8347
-72.1413
4.4496
26.0576
28.9269
41.7190
37.9628
17.2658
-24.8098
-42.6295
-93.1733
-62.7677
-3.3930
-69.3196
-30.0279
-83.1572
-76.9965
-122.6218
-120.1294
-58.7261
-102.8831
-73.6104
-114.9721
-62.8934
-68.0735
-5.9828
-56.7380
-53.7067
-23.7200
-33.8973
-31.7303
-4.2091
-1.6515
-11.0715
34.5648
36.6934
36.1392
12.9805
11.0871
-23.6847
-11.2756
-3.8243
22.7939
45.4295
-26.4387
-75.3555
18.6866
-48.9166
37.0364
74.6101
51.4485
21.9608
54.0826
-97.4493
-116.2673
-79.9657
64.4068
31.5555
81.1768
57.9293
-14.7496
51.0223
129.0584
5.6108
102.0843
114.1119
120.7634
8.7156
18.0912
27.8603
31.6928
98.4239
112.0098
-31.9524
13.9801
-9.2372
17.6723
13.1341
1.9028
-10.5038
-12.0285
-10.4703
-35.8927
-43.8926
24.3891
-35.8959
-30.7435
-1.8169
-7.9115
-6.5561
-17.7482
-51.1129
-20.3417
7.9960
-7.7406
-5.9182
-3.5775
22.8265
-1.2108
-7.6010
-13.5675
-8.0717
7.2694
-15.1350
-12.8612
-57.4436
35.4503
-163.9103
10.2095
52.2270
28.4147
41.2799
-732.1935
60.8844
89.5690
60.0150
47.4856
86.5427
24.0273
37.9362
-22.5124
31.3013
-26.4949
-10.1290
39.5808
10.3276
23.8452
44.1580
0.5165
119.8253
28.8592
-17.6630
3.6140
18.0791
-37.4048
31.8841
9.1344
21.3933
-33.4647
44.6705
12.9202
17.6924
-36.0477
2.7913
36.0358
-35.1354
18.6276
9.4839
15.8787
19.4486
51.4743
-13.0791
-8.0304
8.7951
-62.0815
-18.4695
7.6328
-8.4766
-3.0877
26.1886
43.5910
12.3870
-81.2936
-1.6524
-44.2517
31.3394
2.8007
125.2837
-1.3385
114.4177
-51.2344
0.1464
-80.9562
-10.3552
-18.0840
-73.5240
-83.2561
-132.0934
-123.2208
-96.1581
-17.9809
-70.3926
-73.4274
-100.9763
-127.4372
-224.6026
-170.8771
-161.8656
-290.2521
-285.1723
-308.7430
-215.7417
-249.4920
-193.2021
-155.7625
-201.5418
-210.1058
-162.7836
-142.8006
-154.7789
-124.2279
25.0264
10.6508
52.3405
-59.8837
-153.0041
-4.6669
-36.3123
-122.7382
-10.8023
-159.1302
16.6749
-37.6468
-66.7151
-5.5435
11.2328
19.5482
66.5512
17.9529
-20.4138
83.9583
28.4309
-14.7852
31.8016
65.1536
-83.8596
98.8593
14.8828
40.7445
