2.6933
-159.9480
-344.0672
-274.2988
-314.7804
-259.6748
-278.5727
-124.7960
-391.7656
-81.6237
-192.7004
-186.5359
-136.0959
-158.0656
-336.2523
-200.4532
-272.6692
-101.0942
-141.7710
-108.9771
-113.1425
-86.5177
-96.0896
-177.7214
-123.0317
-308.2199
-79.3975
-118.8752
-230.7489
127.6639
-107.8251
-114.3325
-64.7144
-109.8108
-67.2216
-91.4289
-189.1483
-110.9882
-103.9436
-116.1648
-156.5311
-223.4508
-130.0001
-122.3911
-145.9092
-104.4782
-117.8044
-83.3109
-89.5264
-91.8552
-183.5613
-214.2670
-87.9308
-206.5701
-111.8406
-136.2315
-76.9536
-50.7017
-102.6230
-112.3862
-67.1509
-139.3345
-64.4301
-183.0508
-262.1097
-150.5047
-62.3994
-126.3106
-114.0932
-110.1005
-107.7835
-150.9288
-130.7656
-210.3948
-115.4970
-286.6389
-184.0502
-6.1841
-76.1456
-200.2632
-105.9604
-130.3138
-144.2349
-210.4727
-467.3907
-252.0385
-265.4173
-116.9801
-38.8336
-120.9624
-62.6188
-79.0697
-347.3139
-533.2756
-172.6679
-337.1241
-259.8054
-72.9928
-95.9110
-259.4969
-404.7655
-214.1080
-361.1251
-231.8460
-72.9240
-293.7495
-314.8681
-156.5819
-207.7068
-197.8270
-322.8971
-188.0260
-339.8812
-358.3985
-223.5510
-63.0960
-272.1942
-122.3602
-104.6210
-102.8209
-87.3340
-165.7598
-33.4480
-244.5351
-54.1392
-210.6260
14.5413
-171.9610
-9.5409
-47.9893
-60.9546
-67.7021
-36.5068
-138.9300
-119.7442
-147.7787
-65.6956
-265.0222
-191.6912
-242.1918
-146.1196
-193.5716
-32.0109
-379.1843
-111.6971
-93.0181
-50.0140
-22.5193
-251.1145
-48.2956
-68.6604
-42.8216
-144.4830
-49.4836
-14.1597
-51.2990
-98.1083
-30.4282
-104.2459
-46.7808
-260.1283
22.3302
-85.3588
-87.0856
-34.3385
-91.5746
-57.2581
-103.5857
-40.0661
-50.3979
-38.9517
-6.4702
-39.6122
-11.1688
-16.4137
-23.8318
-56.9344
-19.2383
-257.1526
-378.5578
-74.8337
-110.8202
-109.3645
-358.7668
-29.1049
8.1335
-261.1105
-262.5001
-63.5423
-210.7520
-228.1639
-172.5984
-169.6685
-52.0025
-131.2192
-59.9135
-143.2265
-35.6212
-120.7454
-241.4828
-71.8725
-144.5798
-47.7439
1.6622
-21.3334
-9.4693
-13.0726
32.1117
2.8077
72.2167
-4.6093
-64.5226
-221.0248
52.2903
-18.2750
110.7532
5.7508
-210.6756
-76.1596
-4.4900
-189.4546
-17.8743
-88.1935
-5.7975
-93.3574
-10.9449
-39.3954
-50.5319
-46.2100
-41.7250
-31.0602
-50.2531
-61.8615
-312.1169
-143.1544
-55.4226
-63.9056
-3.3332
-121.8843
-78.5101
-64.5056
-48.2193
-39.6298
-65.9025
-13.0249
-51.1104
52.2963
-71.6801
-33.8689
-17.0394
-59.5276
-56.1692
-34.8075
-25.9036
-27.6578
-40.2613
-38.8819
19.8994
48.1929
50.7258
-50.6527
-162.1112
71.1923
-19.9191
7.6868
23.8751
-7.8696
-31.8264
36.2835
21.7465
85.1750
50.8347
-72.1413
4.4496
26.0576
28.9269
41.7190
37.9628
17.2658
-24.8098
-42.6295
-93.1733
-62.7677
-3.3930
-69.3196
-30.0279
-83.1572
-76.9965
-122.6218
-120.1294
-58.7261
-102.8831
-73.6104
-114.9721
-62.8934
-68.0735
-5.9828
-56.7380
-53.7067
-23.7200
-33.8973
-31.7303
-4.2091
-1.6515
-11.0715
34.5648
36.6934
36.1392
12.9805
11.0871
-23.6847
-11.2756
-3.8243
22.7939
45.4295
-26.4387
-75.3555
18.6866
-48.9166
37.0364
74.6101
51.4485
21.9608
54.0826
-97.4493
-116.2673
-79.9657
64.4068
31.5555
81.1768
57.9293
-14.7496
51.0223
129.0584
5.6108
102.0843
114.1119
120.7634
8.7156
18.0912
27.8603
31.6928
98.4239
112.0098
-31.9524
13.9801
-9.2372
17.6723
13.1341
1.9028
-10.5038
-12.0285
-10.4703
-35.8927
-43.8926
24.3891
-35.8959
-30.7435
-1.8169
-7.9115
-6.5561
-17.7482
-51.1129
-20.3417
7.9960
-7.7406
-5.9182
-3.5775
22.8265
-1.2108
-7.6010
-13.5675
-8.0717
7.2694
-15.1350
-12.8612
-57.4436
35.4503
-163.9103
10.2095
52.2270
28.4147
41.2799
-732.1935
60.8844
89.5690
60.0150
47.4856
86.5427
24.0273
37.9362
-22.5124
31.3013
-26.4949
-10.1290
39.5808
10.3276
23.8452
44.1580
0.5165
119.8253
28.8592
-17.6630
3.6140
18.0791
-37.4048
31.8841
9.1344
21.3933
-33.4647
44.6705
12.9202
17.6924
-36.0477
2.7913
36.0358
-35.1354
18.6276
9.4839
15.8787
19.4486
51.4743
-13.0791
-8.0304
8.7951
-62.0815
-18.4695
7.6328
-8.4766
-3.0877
26.1886
43.5910
12.3870
-81.2936
-1.6524
-44.2517
31.3394
2.8007
125.2837
-1.3385
114.4177
-51.2344
0.1464
-80.9562
-10.3552
-18.0840
-73.5240
-83.2561
-132.0934
-123.2208
-96.1581
-17.9809
-70.3926
-73.4274
-100.9763
-127.4372
-224.6026
-170.8771
-161.8656
-290.2521
-285.1723
-308.7430
-215.7417
-249.4920
-193.2021
-155.7625
-201.5418
-210.1058
-162.7836
-142.8006
-154.7789
-124.2279
25.0264
10.6508
52.3405
-59.8837
-153.0041
-4.6669
-36.3123
-122.7382
-10.8023
-159.1302
16.6749
-37.6468
-66.7151
-5.5435
11.2328
19.5482
66.5512
17.9529
-20.4138
83.9583
28.4309
-14.7852
31.8016
65.1536
-83.8596
98.8593
14.8828
40.7445
-10.9024
-6.5724
59.0964
30.6195
48.8285
23.4294
56.9889
98.0855
51.9412
-6.8798
16.0975
33.5114
99.4365
-14.0495
102.4527
-1.1251
-50.7896
-65.4235
-145.3637
-65.4732
-42.5328
-94.2636
-65.0711
-77.6103
-69.3374
-43.5167
-71.0289
-90.4410
-94.3244
-99.8109
-115.2806
-69.3085
-92.7443
-56.5121
-65.8577
-116.9820
-124.7834
-90.4067
-133.4085
-114.6641
-88.7851
-37.6968
-22.1382
-50.4535
-35.1909
-27.6465
-8.1201
-7.6893
-84.6513
-72.1117
-38.8627
-49.1732
-1.0889
19.6179
-31.9349
27.4416
94.9315
-2.8552
94.3850
6.7694
-25.7239
11.9887
-3.9340
44.9258
50.9617
84.1071
-18.2060
-2.7824
108.1532
-19.2631
-17.2641
23.7140
-18.1978
38.4134
-62.7217
-21.2874
-25.2721
-36.2274
-91.9267
-75.9941
-27.5474
-31.0169
-53.1851
-27.0714
-47.6062
-2.9788
14.5453
-44.1328
-11.0774
-3.0684
-49.5583
-78.9095
18.9223
-51.1502
-77.4428
-30.8572
-23.7996
-25.4616
-69.2189
-37.1899
-35.8325
-51.0269
-77.7679
-28.0553
-71.1003
-64.9992
-31.4673
-40.5746
-68.3747
-74.5189
-49.9095
-97.1748
-31.2517
-83.0739
3.7078
-69.7098
-90.1026
-37.0498
-93.7399
-85.2177
-66.0889
-40.0661
-43.1437
-41.6297
-46.0702
-39.9336
-78.7605
-83.3603
-58.3317
-35.5006
-124.0833
-93.8420
-99.2068
-90.5250
-55.7195
-69.5552
-57.2343
-111.5811
-120.2288
-98.8664
1.6736
-143.5873
-30.9363
-61.5723
-149.2138
-44.9934
-99.2594
-156.1864
-117.2783
-137.3874
-145.4107
-141.5452
-44.7128
-30.3472
-128.6157
-38.5749
-110.4858
-243.5593
-83.8650
-99.6868
-63.1959
8.8754
-60.9348
-244.5406
-47.5459
-121.3897
-17.5566
-65.6389
-16.0337
-78.8871
-52.1768
-35.3612
-75.9247
-21.9212
-39.9124
-1.4415
-63.4117
-75.5885
-62.7809
-77.9388
-79.1262
-97.1199
-56.8841
6.0862
-43.8408
-44.7923
-22.0906
-64.0388
-28.7473
-34.8219
-72.1513
13.5027
8.0716
-120.2384
-109.7450
-158.0764
-161.1701
6.8311
-55.9203
43.6290
-27.0202
-137.3152
-180.9062
-206.8150
-55.4064
-52.5841
-116.6270
-130.7141
-132.3526
-12.9722
-13.4903
-85.3816
-59.0675
6.7860
-47.1387
-92.2376
-73.2295
7.7206
-77.6725
-26.5141
-86.5271
-59.7303
-5.6060
-123.6388
-77.0049
-48.4371
-52.1680
-31.0092
-70.2741
-103.8304
-94.0734
-76.3588
-59.9735
-119.9185
-113.9858
-61.7254
-80.3267
-94.5862
-112.0121
-75.3555
-108.2178
-137.5380
-116.5799
-132.8062
-111.4615
-153.6454
-136.0519
-118.4177
-160.0704
-160.6212
-12.7488
15.0310
-125.7159
-146.4419
-133.3189
-127.5263
-161.1281
-153.4682
-74.3803
-155.2958
-119.9130
-147.4070
-172.1319
-121.0857
-135.6989
-116.5140
-121.9439
-148.2150
-121.8678
-163.1298
-23.1115
-73.1362
-148.4906
-124.6469
-121.6329
-141.6268
-106.8403
-136.4206
-150.4843
-127.3982
-122.5753
-133.8371
-139.7036
-156.1987
-137.7555
-140.5128
-137.4636
-100.0080
-110.4466
-116.2692
-87.0641
-92.8994
-112.2415
-95.1996
-78.7003
-56.7219
-61.0401
-75.2298
-85.8009
-90.0471
-84.3601
-95.5596
-92.6680
-110.1887
-86.0801
-33.1137
-32.1201
-24.5577
-42.1392
-22.5098
5.0188
-34.6732
-39.9451
-12.8791
-73.3937
-49.0724
-6.6108
-12.3227
18.8717
-47.7422
16.4410
-0.3652
35.1563
-44.3538
-45.3588
10.5222
13.8541
253.6363
24.1906
-12.8713
-46.9007
214.7455
56.1426
-40.4067
-50.2537
127.8258
142.6567
232.3860
85.4246
70.3162
98.9023
-24.3097
1.0522
-55.5572
-58.9722
54.3289
-72.1409
-41.0614
-43.8501
-42.7726
-40.0877
-80.6540
-139.9294
-118.3145
-108.5416
-86.3781
-65.5268
-85.3511
-106.3831
-103.2716
-126.7802
54.2502
-4.9792
-165.0642
-108.8344
-139.7249
-87.4410
-95.4496
-98.7449
-81.6507
-89.3472
12.2918
8.7351
-3.8932
-29.3913
-6.2043
-1.7148
-0.2252
12.8831
45.5105
5.2745
-13.0502
33.3978
68.1364
20.4151
29.1663
28.7296
42.8771
47.4672
53.4067
28.7166
67.5216
80.0100
6.7671
113.1437
4.4776
56.0093
79.1419
58.9151
82.5973
52.6550
26.8093
80.0562
78.9784
86.0258
9.5274
-80.1103
59.0366
-45.2170
59.8765
43.0915
59.0236
-119.0720
45.8734
-71.0764
-155.1393
5.5402
21.6225
22.5924
32.9802
71.3915
19.2926
-7.4871
-57.2078
3.6578
10.3384
50.3346
8.0480
32.5353
0.9070
20.5743
3.2498
-42.5326
69.6852
20.7700
71.7371
57.7927
26.1948
90.3348
104.7206
30.2781
72.2957
53.1601
-2.9589
87.0523
-62.5418
32.7044
69.8944
62.9849
46.1680
128.8526
56.1226
41.8945
27.1078
6.8346
29.8022
5.4914
36.6824
83.4200
76.7387
-7.3216
-155.2199
119.7574
26.5543
-195.1116
-196.5456
24.9279
-87.6445
-36.6953
5.6068
-34.4012
-200.5815
-236.8907
-289.9410
-188.1649
0.1425
-30.7467
-26.3274
64.1905
-74.9094
19.4134
-32.8834
-88.6987
20.9882
-80.5759
5.3664
10.1988
-88.9903
-94.6088
-57.3023
-0.0940
-31.5952
45.5573
-77.6249
-104.4624
-80.5193
-86.0125
-173.5467
-106.9088
-70.5001
