2.6933
-159.9480
-344.0672
-274.2988
-314.7804
-259.6748
-278.5727
-124.7960
-391.7656
-81.6237
-192.7004
-186.5359
-136.0959
-158.0656
-336.2523
-200.4532
-272.6692
-101.0942
-141.7710
-108.9771
-113.1425
-86.5177
-96.0896
-177.7214
-123.0317
-308.2199
-79.3975
-118.8752
-230.7489
127.6639
-107.8251
-114.3325
-64.7144
-109.8108
-67.2216
-91.4289
-189.1483
-110.9882
-103.9436
-116.1648
-156.5311
-223.4508
-130.0001
-122.3911
-145.9092
-104.4782
-117.8044
-83.3109
-89.5264
-91.8552
-183.5613
-214.2670
-87.9308
-206.5701
-111.8406
-136.2315
-76.9536
-50.7017
-102.6230
-112.3862
-67.1509
-139.3345
-64.4301
-183.0508
-262.1097
-150.5047
-62.3994
-126.3106
-114.0932
-110.1005
-107.7835
-150.9288
-130.7656
-210.3948
-115.4970
-286.6389
-184.0502
-6.1841
-76.1456
-200.2632
-105.9604
-130.3138
-144.2349
-210.4727
-467.3907
-252.0385
-265.4173
-116.9801
-38.8336
-120.9624
-62.6188
-79.0697
-347.3139
-533.2756
-172.6679
-337.1241
-259.8054
-72.9928
-95.9110
-259.4969
-404.7655
-214.1080
-361.1251
-231.8460
-72.9240
-293.7495
-314.8681
-156.5819
-207.7068
-197.8270
-322.8971
-188.0260
-339.8812
-358.3985
-223.5510
-63.0960
-272.1942
-122.3602
-104.6210
-102.8209
-87.3340
-165.7598
-33.4480
-244.5351
-54.1392
-210.6260
14.5413
-171.9610
-9.5409
-47.9893
-60.9546
-67.7021
-36.5068
-138.9300
-119.7442
-147.7787
-65.6956
-265.0222
-191.6912
-242.1918
-146.1196
-193.5716
-32.0109
-379.1843
-111.6971
-93.0181
-50.0140
-22.5193
-251.1145
-48.2956
-68.6604
-42.8216
-144.4830
-49.4836
-14.1597
-51.2990
-98.1083
-30.4282
-104.2459
-46.7808
-260.1283
22.3302
-85.3588
-87.0856
-34.3385
-91.5746
-57.2581
-103.5857
-40.0661
-50.3979
-38.9517
-6.4702
-39.6122
-11.1688
-16.4137
-23.8318
-56.9344
-19.2383
-257.1526
-378.5578
-74.8337
-110.8202
-109.3645
-358.7668
-29.1049
8.1335
-261.1105
-262.5001
-63.5423
-210.7520
-228.1639
-172.5984
-169.6685
-52.0025
-131.2192
-59.9135
-143.2265
-35.6212
-120.7454
-241.4828
-71.8725
-144.5798
-47.7439
1.6622
-21.3334
-9.4693
-13.0726
32.1117
2.8077
72.2167
-4.6093
-64.5226
-221.0248
52.2903
-18.2750
110.7532
5.7508
-210.6756
-76.1596
-4.4900
-189.4546
-17.8743
-88.1935
-5.7975
-93.3574
-10.9449
-39.3954
-50.5319
-46.2100
-41.7250
-31.0602
-50.2531
-61.8615
-312.1169
-143.1544
-55.4226
-63.9056
-3.3332
-121.8843
-78.5101
-64.5056
-48.2193
-39.6298
-65.9025
-13.0249
-51.1104
52.2963
-71.6801
-33.8689
-17.0394
