-253.9186
-116.8415
-242.2544
-198.6013
-284.0715
-287.1633
-363.4601
-115.8648
-90.0980
-135.5298
-224.6406
-79.8657
-62.3222
-181.1865
-175.8723
-109.5529
-105.9201
-288.9675
-268.5135
-110.5554
-132.5888
-124.1860
-119.0685
-87.5666
-103.2438
-409.4587
-215.9247
-115.3616
-117.2741
-365.3388
-160.0985
-106.8239
-141.3884
-85.8090
-173.3474
-256.1727
-114.8209
-8.2880
-87.5737
-172.8250
-182.3583
-77.9394
-269.0995
-92.2721
-129.3759
14.5929
-86.9970
27.9001
-85.0848
-160.1499
-162.9490
-121.6026
-445.8561
-89.0661
-159.6337
-64.7005
-250.3606
-145.7272
-116.9114
-131.0815
-261.2178
-131.9396
-103.2309
-253.1818
-115.4136
-84.6781
-124.0881
-106.1309
-189.6987
-127.7061
-64.1618
-133.7612
-340.0697
-162.9515
-315.5313
-113.2620
-107.1629
-104.5267
-100.9197
-96.6630
-472.8802
-214.8586
-89.5957
-77.4849
-86.5186
-67.0141
-13.1992
-102.9255
-64.0571
-144.2944
-170.5079
-121.2545
-93.9231
-181.6040
-92.4458
-115.6649
-183.1526
-185.2117
-128.3230
-129.7921
-226.6142
-84.1966
-43.3122
-148.1543
-106.7207
-329.8991
-244.3684
-302.0922
-90.9122
-383.4425
-4.2708
-100.6440
-71.8932
-122.9428
-46.1750
-220.0244
-34.2510
-366.7924
-92.5926
-69.3597
-80.5716
-165.8332
-205.3694
-38.6450
-174.5232
-133.5727
-187.4616
-136.0685
-101.4452
-69.8032
-284.3155
-103.4491
-262.8034
-127.5006
-82.5132
-127.3717
-48.9992
-289.2679
-184.2591
-157.8148
-77.7065
-140.8639
-101.2458
-77.3172
-186.4106
-106.9227
-251.2495
-110.8629
-79.4719
-118.9503
-67.7424
-144.6914
-106.5623
-165.0592
-80.5910
-142.2317
-185.7544
-116.8248
9.5825
-96.7045
-147.6226
-126.5344
-108.0939
-109.0109
-63.6594
-132.4609
-77.8108
-83.2107
-112.8808
-139.5118
-97.4325
-99.2356
-220.7983
-55.2373
-62.6573
-92.5057
-244.6428
-85.1556
-326.1761
-40.4996
-81.3350
-71.8704
-124.8337
-88.4034
-118.8433
-118.4262
-134.0394
-159.7640
-91.4352
-272.3920
-151.0852
-168.7867
5.1732
-40.5329
-94.8225
-90.8707
-132.2602
-100.2467
-90.2584
-51.9899
-142.9417
-27.7125
-109.6642
-92.1891
-140.2031
-142.1519
-116.0892
-142.2258
-79.9866
-89.1302
-50.3723
-130.1676
-121.4903
-66.4091
-88.6947
-126.3097
-64.6655
-137.0961
-131.4212
-120.5876
-58.4629
-78.1108
-73.5826
-88.1139
-87.4271
-65.7485
-52.5289
-93.0315
-136.2242
-70.2874
-115.9605
-183.3280
-90.1783
-110.6752
-50.2086
-83.4350
-43.2111
-45.8215
-9.7769
-94.2243
-124.7436
-80.6506
-133.4763
-74.6400
-101.5679
-228.5902
-78.6108
-40.5150
-79.1451
-89.9511
-47.4954
-127.9804
-117.9460
-65.7019
-69.3225
-58.7426
-46.6138
-108.6989
-75.4624
-72.7080
-81.0451
-104.8244
-25.1046
-71.1179
-79.7411
-52.2088
-60.6889
-63.3502
-86.6771
-75.3749
-69.3491
-75.4952
-70.7680
-89.5806
-51.3227
-67.9386
-87.3809
-114.7540
-50.9103
-84.7805
-89.0906
-111.7090
-81.5743
-63.8400
-145.1251
-116.2548
-101.3712
-188.8478
-68.6913
-111.1228
-46.7448
-50.5547
-18.7229
-66.8073
-37.1455
-199.0282
-211.9694
-300.9405
-73.1840
-40.3644
-55.4163
-126.6659
5.1733
-39.7020
-74.9445
-85.3224
-22.0594
-45.3115
-68.7503
-47.2483
-26.8785
-28.8057
-49.9720
-46.2254
-115.1540
-62.3116
-46.9026
-106.7762
-21.4451
-81.1727
-70.7612
-125.0426
-93.4304
-38.1756
-74.5184
-212.6935
8.1884
-72.1015
-92.8313
-232.2585
-241.9779
-194.7615
-214.3308
-291.8009
-157.7650
-166.2739
-2.0728
-75.0940
-24.5921
-46.8283
-82.9956
-50.6298
1.5799
-24.0948
-74.3736
-71.1844
-52.3322
-43.0523
33.1081
-25.4626
-12.5172
-15.1845
-13.6876
-60.8154
-45.9913
-74.9143
-65.0964
-27.6775
-25.3260
-11.7522
-86.9280
-59.3807
-74.0297
-16.8866
-1.6828
-107.4327
-0.6928
-53.4953
-21.7702
-8.4767
30.5430
5.2830
-27.5062
-12.8657
-5.5751
-30.5359
-23.1941
4.4049
-50.2617
18.3871
-6.6562
-85.3367
-19.5425
-90.9931
26.4649
-89.2288
-38.7292
-78.3614
-24.1096
-53.3801
25.3755
-73.9329
-13.5222
-192.4180
-120.5305
-182.7906
-134.1623
-142.7526
-185.2031
-224.2104
-68.8191
-194.0852
-182.0067
-56.5416
-72.3103
-90.0903
0.5733
-101.8330
-20.5613
2.6882
-0.7942
-62.5990
27.8789
-65.4346
32.2344
-47.2088
-75.8120
-111.6735
12.6838
-1.1700
-112.2798
-96.4187
14.9981
5.5845
-38.8831
1.1179
-39.6777
-149.8316
-5.2717
-60.9249
-120.6323
-98.5476
-70.4708
-137.3447
-27.8090
-55.3793
-84.0719
-126.4582
-143.6291
-139.0454
-86.7065
-119.8074
-52.6915
-21.7397
-101.7544
-51.3948
-36.1125
-34.3030
-127.1730
-46.5326
-108.6016
-129.3397
-105.0666
-109.0958
-63.1678
-59.1017
-0.4714
-60.7772
-23.3169
-48.5573
-6.8113
-117.7317
-42.7169
-66.3703
-47.1896
-16.7299
-24.9497
-54.2316
-90.9084
-162.6754
-103.0363
-71.6601
-74.9482
-109.5783
-177.4061
-91.7090
-120.5538
-132.3296
-123.0903
-74.5249
-59.3756
23.4426
26.8476
2.9627
-13.7099
-33.3448
-98.2970
-261.2376
-7.1357
9.3785
-21.7926
-66.2461
-86.8529
-41.0631
-84.4603
-58.0780
-28.9380
-73.1602
-77.6591
-81.0241
-24.7883
-48.2914
-84.6238
-40.4676
-76.9736
-38.5996
-119.0950
-66.5351
-51.9693
-121.1363
-96.3227
-225.8070
-110.1474
-120.1182
-106.8643
-69.9522
-40.7578
-119.7834
-136.0353
-103.4949
-16.3765
-75.4697
-95.6738
33.5430
-108.3104
-118.2975
-77.9066
-47.4268
-84.3979
-103.2765
-70.6769
-129.9369
-196.0829
-143.5722
-80.3716
-116.2362
-166.0891
-94.3084
-51.5813
-38.1398
-94.8536
-82.3475
-111.5189
-76.0866
-96.4880
-34.0563
-88.3118
-66.8544
-71.1965
-72.4049
-109.3835
-122.1087
-53.1087
-44.5644
-29.9656
-53.4564
-107.1168
-76.2772
-68.2121
-64.4908
-12.4540
-53.0600
-41.9765
5.0270
-45.5584
-98.6683
-21.3529
-118.4444
-66.4098
-79.7544
-51.0973
-146.9768
-69.5729
-87.6505
-85.3261
-98.2172
-95.6651
-142.5074
-139.6872
-161.9432
-149.2227
-127.1443
-119.8013
-156.0170
-112.1553
-115.0484
-71.2937
-153.4252
-176.2837
-142.5819
-170.7191
-122.1068
-388.2184
-51.9653
-131.9553
-82.2885
-77.2895
-119.6356
-84.2724
-89.8575
-80.6758
-120.6479
-58.5934
-94.4583
-115.7911
-88.5933
9.8731
-41.0112
-72.0305
-41.2898
-110.6868
-43.7996
-23.6273
-19.6301
2.4623
-12.4449
-93.9525
-46.1913
-54.7612
-44.0594
-34.7609
-50.9021
-78.7389
-63.3040
-39.1502
-29.6147
-76.6670
-36.7557
-87.5801
-133.7090
-29.2004
-67.5655
-49.6001
-126.2859
-78.3741
-48.2505
-45.5454
-59.1072
-39.9298
-61.5385
-79.7715
-77.8929
-275.2466
-67.1031
-69.0693
-68.1209
-38.9202
-62.4153
-59.0166
-72.2969
-241.3931
-98.9921
-35.5700
-74.3508
-55.2297
-36.7324
-79.2668
-45.6449
-81.0268
-56.7034
-97.6207
-69.2940
-91.1556
-66.5869
-56.9545
-49.0041
-112.1595
-77.9872
-51.5793
-30.6956
-13.9759
-64.6251
-68.0307
-81.5418
-112.5254
-61.2011
16.6689
-37.8091
-43.1391
-23.1436
2.0941
-26.7340
-55.4123
-33.8079
-25.4756
-18.2492
31.8811
-25.6915
-58.0822
19.4399
-45.3008
-64.5458
-14.8051
-6.8981
-78.1112
-0.5632
-1.5896
-50.9166
-14.3396
48.5230
62.8678
27.7631
7.8659
4.5018
25.8660
39.5370
26.5287
34.2014
2.1538
18.9543
52.8745
22.7517
34.8658
-27.0735
23.4268
31.3655
-0.9062
-10.3873
32.1527
51.0361
17.1981
21.2908
-22.8002
18.0166
38.4782
-26.9859
33.5935
23.0122
56.6502
-23.0604
-30.4140
-33.5088
-12.2215
-11.3217
15.2890
-28.8141
13.3468
-58.6813
28.5798
-41.2054
31.6320
-39.1075
-44.4449
1.4319
-75.5584
-82.5873
-81.6205
-137.0996
-36.8406
-155.8067
