-253.9186
-116.8415
-242.2544
-198.6013
-284.0715
-287.1633
-363.4601
-115.8648
-90.0980
-135.5298
-224.6406
-79.8657
-62.3222
-181.1865
-175.8723
-109.5529
-105.9201
-288.9675
-268.5135
-110.5554
-132.5888
-124.1860
-119.0685
-87.5666
-103.2438
-409.4587
-215.9247
-115.3616
-117.2741
-365.3388
-160.0985
-106.8239
-141.3884
-85.8090
-173.3474
-256.1727
-114.8209
-8.2880
-87.5737
-172.8250
-182.3583
-77.9394
-269.0995
-92.2721
-129.3759
14.5929
-86.9970
27.9001
-85.0848
-160.1499
-162.9490
-121.6026
-445.8561
-89.0661
-159.6337
-64.7005
-250.3606
-145.7272
-116.9114
-131.0815
-261.2178
-131.9396
-103.2309
-253.1818
-115.4136
-84.6781
-124.0881
-106.1309
-189.6987
-127.7061
-64.1618
-133.7612
-340.0697
-162.9515
-315.5313
-113.2620
-107.1629
-104.5267
-100.9197
-96.6630
-472.8802
-214.8586
-89.5957
-77.4849
-86.5186
-67.0141
-13.1992
-102.9255
-64.0571
-144.2944
-170.5079
-121.2545
-93.9231
-181.6040
-92.4458
-115.6649
-183.1526
-185.2117
-128.3230
-129.7921
-226.6142
-84.1966
-43.3122
-148.1543
-106.7207
-329.8991
-244.3684
-302.0922
-90.9122
-383.4425
-4.2708
-100.6440
-71.8932
-122.9428
-46.1750
-220.0244
-34.2510
-366.7924
-92.5926
-69.3597
-80.5716
-165.8332
-205.3694
-38.6450
-174.5232
-133.5727
-187.4616
-136.0685
-101.4452
-69.8032
-284.3155
-103.4491
-262.8034
-127.5006
-82.5132
-127.3717
-48.9992
-289.2679
-184.2591
-157.8148
-77.7065
-140.8639
-101.2458
-77.3172
-186.4106
-106.9227
-251.2495
-110.8629
-79.4719
-118.9503
-67.7424
-144.6914
-106.5623
-165.0592
-80.5910
-142.2317
-185.7544
-116.8248
9.5825
-96.7045
-147.6226
-126.5344
-108.0939
-109.0109
-63.6594
-132.4609
-77.8108
-83.2107
-112.8808
-139.5118
-97.4325
-99.2356
-220.7983
-55.2373
-62.6573
-92.5057
-244.6428
-85.1556
-326.1761
-40.4996
-81.3350
-71.8704
-124.8337
-88.4034
-118.8433
-118.4262
-134.0394
-159.7640
-91.4352
-272.3920
-151.0852
-168.7867
5.1732
-40.5329
-94.8225
-90.8707
-132.2602
-100.2467
-90.2584
-51.9899
-142.9417
-27.7125
-109.6642
-92.1891
-140.2031
-142.1519
-116.0892
-142.2258
-79.9866
-89.1302
-50.3723
-130.1676
-121.4903
-66.4091
-88.6947
-126.3097
-64.6655
-137.0961
-131.4212
-120.5876
-58.4629
-78.1108
-73.5826
-88.1139
-87.4271
-65.7485
-52.5289
-93.0315
-136.2242
-70.2874
-115.9605
-183.3280
-90.1783
-110.6752
-50.2086
-83.4350
-43.2111
-45.8215
-9.7769
-94.2243
-124.7436
-80.6506
-133.4763
-74.6400
-101.5679
-228.5902
-78.6108
-40.5150
-79.1451
-89.9511
