-253.9186
-116.8415
-242.2544
-198.6013
-284.0715
-287.1633
-363.4601
-115.8648
-90.0980
-135.5298
-224.6406
-79.8657
-62.3222
-181.1865
-175.8723
-109.5529
-105.9201
-288.9675
-268.5135
-110.5554
-132.5888
-124.1860
-119.0685
-87.5666
-103.2438
-409.4587
-215.9247
-115.3616
-117.2741
-365.3388
-160.0985
-106.8239
-141.3884
-85.8090
-173.3474
-256.1727
-114.8209
-8.2880
-87.5737
-172.8250
-182.3583
-77.9394
-269.0995
-92.2721
-129.3759
14.5929
-86.9970
27.9001
-85.0848
-160.1499
-162.9490
-121.6026
-445.8561
-89.0661
-159.6337
-64.7005
-250.3606
-145.7272
-116.9114
-131.0815
-261.2178
-131.9396
-103.2309
-253.1818
-115.4136
-84.6781
-124.0881
-106.1309
-189.6987
-127.7061
-64.1618
-133.7612
-340.0697
-162.9515
-315.5313
-113.2620
-107.1629
-104.5267
-100.9197
-96.6630
-472.8802
-214.8586
-89.5957
-77.4849
-86.5186
-67.0141
-13.1992
-102.9255
-64.0571
-144.2944
-170.5079
-121.2545
-93.9231
-181.6040
-92.4458
-115.6649
-183.1526
-185.2117
-128.3230
-129.7921
-226.6142
-84.1966
-43.3122
-148.1543
-106.7207
-329.8991
-244.3684
-302.0922
-90.9122
-383.4425
-4.2708
-100.6440
-71.8932
-122.9428
-46.1750
-220.0244
-34.2510
-366.7924
-92.5926
-69.3597
-80.5716
-165.8332
-205.3694
-38.6450
-174.5232
-133.5727
-187.4616
-136.0685
-101.4452
-69.8032
-284.3155
-103.4491
-262.8034
-127.5006
-82.5132
-127.3717
-48.9992
-289.2679
-184.2591
-157.8148
-77.7065
-140.8639
-101.2458
-77.3172
-186.4106
-106.9227
-251.2495
-110.8629
-79.4719
-118.9503
-67.7424
-144.6914
-106.5623
-165.0592
-80.5910
-142.2317
-185.7544
-116.8248
9.5825
-96.7045
-147.6226
-126.5344
-108.0939
-109.0109
-63.6594
-132.4609
-77.8108
-83.2107
-112.8808
-139.5118
-97.4325
-99.2356
-220.7983
-55.2373
-62.6573
-92.5057
-244.6428
-85.1556
-326.1761
-40.4996
-81.3350
-71.8704
-124.8337
-88.4034
-118.8433
-118.4262
-134.0394
-159.7640
-91.4352
-272.3920
-151.0852
-168.7867
5.1732
-40.5329
-94.8225
-90.8707
-132.2602
-100.2467
-90.2584
-51.9899
-142.9417
-27.7125
-109.6642
-92.1891
-140.2031
-142.1519
-116.0892
-142.2258
-79.9866
-89.1302
-50.3723
-130.1676
-121.4903
-66.4091
-88.6947
-126.3097
-64.6655
-137.0961
-131.4212
-120.5876
-58.4629
-78.1108
-73.5826
-88.1139
-87.4271
-65.7485
-52.5289
-93.0315
-136.2242
-70.2874
-115.9605
-183.3280
-90.1783
-110.6752
-50.2086
-83.4350
-43.2111
-45.8215
-9.7769
-94.2243
-124.7436
-80.6506
-133.4763
-74.6400
-101.5679
-228.5902
-78.6108
-40.5150
-79.1451
-89.9511
-47.4954
-127.9804
-117.9460
-65.7019
-69.3225
-58.7426
-46.6138
-108.6989
-75.4624
-72.7080
-81.0451
-104.8244
-25.1046
-71.1179
-79.7411
-52.2088
-60.6889
-63.3502
-86.6771
-75.3749
-69.3491
-75.4952
-70.7680
-89.5806
-51.3227
-67.9386
-87.3809
-114.7540
-50.9103
-84.7805
-89.0906
-111.7090
-81.5743
-63.8400
-145.1251
-116.2548
-101.3712
-188.8478
-68.6913
-111.1228
-46.7448
-50.5547
-18.7229
-66.8073
-37.1455
-199.0282
-211.9694
-300.9405
-73.1840
-40.3644
-55.4163
-126.6659
5.1733
-39.7020
-74.9445
-85.3224
-22.0594
-45.3115
-68.7503
-47.2483
-26.8785
-28.8057
-49.9720
-46.2254
-115.1540
-62.3116
-46.9026
-106.7762
-21.4451
-81.1727
-70.7612
-125.0426
-93.4304
-38.1756
-74.5184
-212.6935
8.1884
-72.1015
-92.8313
-232.2585
-241.9779
-194.7615
-214.3308
-291.8009
-157.7650
-166.2739
-2.0728
-75.0940
-24.5921
-46.8283
-82.9956
-50.6298
1.5799
-24.0948
-74.3736
-71.1844
-52.3322
-43.0523
33.1081
-25.4626
-12.5172
-15.1845
-13.6876
-60.8154
-45.9913
-74.9143
-65.0964
-27.6775
-25.3260
-11.7522
-86.9280
-59.3807
-74.0297
-16.8866
-1.6828
-107.4327
-0.6928
-53.4953
-21.7702
-8.4767
30.5430
5.2830
-27.5062
-12.8657
-5.5751
-30.5359
-23.1941
4.4049
-50.2617
18.3871
-6.6562
-85.3367
-19.5425
-90.9931
26.4649
-89.2288
-38.7292
-78.3614
-24.1096
-53.3801
25.3755
-73.9329
-13.5222
-192.4180
-120.5305
-182.7906
-134.1623
-142.7526
-185.2031
-224.2104
-68.8191
-194.0852
-182.0067
-56.5416
-72.3103
-90.0903
0.5733
-101.8330
-20.5613
2.6882
-0.7942
-62.5990
27.8789
-65.4346
32.2344
-47.2088
-75.8120
-111.6735
12.6838
-1.1700
-112.2798
-96.4187
14.9981
5.5845
-38.8831
1.1179
-39.6777
-149.8316
-5.2717
-60.9249
-120.6323
-98.5476
-70.4708
-137.3447
-27.8090
-55.3793
-84.0719
-126.4582
-143.6291
-139.0454
-86.7065
-119.8074
-52.6915
-21.7397
-101.7544
-51.3948
-36.1125
-34.3030
-127.1730
-46.5326
-108.6016
-129.3397
-105.0666
-109.0958
-63.1678
-59.1017
-0.4714
-60.7772
-23.3169
-48.5573
-6.8113
-117.7317
-42.7169
-66.3703
-47.1896
-16.7299
-24.9497
-54.2316
-90.9084
-162.6754
-103.0363
-71.6601
-74.9482
-109.5783
-177.4061
-91.7090
-120.5538
-132.3296
-123.0903
-74.5249
-59.3756
23.4426
26.8476
2.9627
-13.7099
-33.3448
-98.2970
-261.2376
-7.1357
9.3785
-21.7926
-66.2461
-86.8529
-41.0631
-84.4603
-58.0780
-28.9380
-73.1602
-77.6591
-81.0241
-24.7883
-48.2914
-84.6238
-40.4676
-76.9736
-38.5996
-119.0950
-66.5351
-51.9693
-121.1363
-96.3227
-225.8070
-110.1474
-120.1182
-106.8643
-69.9522
-40.7578
-119.7834
-136.0353
-103.4949
-16.3765
-75.4697
-95.6738
33.5430
-108.3104
-118.2975
-77.9066
-47.4268
-84.3979
-103.2765
-70.6769
-129.9369
-196.0829
-143.5722
-80.3716
-116.2362
-166.0891
-94.3084
-51.5813
-38.1398
-94.8536
-82.3475
-111.5189
-76.0866
-96.4880
-34.0563
-88.3118
-66.8544
-71.1965
-72.4049
-109.3835
-122.1087
-53.1087
-44.5644
-29.9656
-53.4564
-107.1168
-76.2772
-68.2121
-64.4908
-12.4540
-53.0600
-41.9765
5.0270
-45.5584
-98.6683
-21.3529
-118.4444
-66.4098
-79.7544
-51.0973
-146.9768
-69.5729
-87.6505
-85.3261
-98.2172
-95.6651
-142.5074
-139.6872
-161.9432
-149.2227
-127.1443
-119.8013
-156.0170
-112.1553
-115.0484
-71.2937
-153.4252
-176.2837
-142.5819
-170.7191
-122.1068
-388.2184
-51.9653
-131.9553
-82.2885
-77.2895
-119.6356
-84.2724
-89.8575
-80.6758
-120.6479
-58.5934
-94.4583
-115.7911
-88.5933
9.8731
-41.0112
-72.0305
-41.2898
-110.6868
-43.7996
-23.6273
-19.6301
2.4623
-12.4449
-93.9525
-46.1913
-54.7612
-44.0594
-34.7609
-50.9021
-78.7389
-63.3040
-39.1502
-29.6147
-76.6670
-36.7557
-87.5801
-133.7090
-29.2004
-67.5655
-49.6001
-126.2859
-78.3741
-48.2505
-45.5454
-59.1072
-39.9298
-61.5385
-79.7715
-77.8929
-275.2466
-67.1031
-69.0693
-68.1209
-38.9202
-62.4153
-59.0166
-72.2969
-241.3931
-98.9921
-35.5700
-74.3508
-55.2297
-36.7324
-79.2668
-45.6449
-81.0268
-56.7034
-97.6207
-69.2940
-91.1556
-66.5869
-56.9545
-49.0041
-112.1595
-77.9872
-51.5793
-30.6956
-13.9759
-64.6251
-68.0307
-81.5418
-112.5254
-61.2011
16.6689
-37.8091
-43.1391
-23.1436
2.0941
-26.7340
-55.4123
-33.8079
-25.4756
-18.2492
31.8811
-25.6915
-58.0822
19.4399
-45.3008
-64.5458
-14.8051
-6.8981
-78.1112
-0.5632
-1.5896
-50.9166
-14.3396
48.5230
62.8678
27.7631
7.8659
4.5018
25.8660
39.5370
26.5287
34.2014
2.1538
18.9543
52.8745
22.7517
34.8658
-27.0735
23.4268
31.3655
-0.9062
-10.3873
32.1527
51.0361
17.1981
21.2908
-22.8002
18.0166
38.4782
-26.9859
33.5935
23.0122
56.6502
-23.0604
-30.4140
-33.5088
-12.2215
-11.3217
15.2890
-28.8141
13.3468
-58.6813
28.5798
-41.2054
31.6320
-39.1075
-44.4449
1.4319
-75.5584
-82.5873
-81.6205
-137.0996
-36.8406
-155.8067
-129.1276
-101.1153
-110.3741
-101.3669
-96.3515
-6.6365
-33.4535
22.3515
-28.5774
-36.1634
-16.2162
1.3817
-49.2011
1.2588
13.6732
-49.0364
-67.1585
-37.8575
-41.3723
-20.3014
-33.5544
-17.5090
-42.6479
-2.6188
-45.2971
-35.8878
-7.9681
5.8481
-9.7132
-6.5653
-45.9848
-5.2617
30.0023
31.5806
18.8460
48.6011
1.3458
47.1344
10.2623
23.6693
-18.8272
-5.1218
-1.7020
18.6193
3.1090
31.3859
48.5762
-52.2308
-54.7028
27.6800
23.8291
44.8394
-13.5317
-23.2248
-68.4651
-31.9558
-13.9796
-106.0985
-29.3716
18.0579
-3.9292
-2.6383
-44.8539
-34.0607
-69.6173
5.3607
-156.6918
-51.1299
-75.5547
-31.6740
-163.4043
-62.9229
-23.0925
-51.2052
-93.0979
-95.8734
-0.1430
-81.8822
-111.5061
-10.2262
-100.0960
-75.7869
-131.9619
-4.5283
-132.9623
-85.4569
-165.1258
-80.8790
-96.0960
-133.1701
-89.0578
-93.9547
-47.8640
-67.2596
11.9749
-36.8353
-74.1852
-48.5878
-72.1601
2.9575
-71.6496
-33.6741
20.3708
-24.8082
-34.2872
-19.9074
-57.0621
-71.1794
-0.7709
-80.1042
-107.9199
-2.7663
-5.2104
-52.9987
-110.1526
-58.0004
-68.4776
-91.7577
-31.1206
-44.5141
-54.9013
-54.7009
0.7144
-33.4458
-70.2499
-56.0734
13.7378
-75.0910
-42.6052
-7.3768
-55.2682
-78.7898
-95.2115
-16.1238
-46.1643
-30.1338
-27.5108
-69.2039
-38.7596
-74.5046
-30.7234
-49.5256
-53.2085
-54.4452
-32.1695
4.1006
-35.4106
27.8370
-4.3034
-59.7916
-92.6509
-64.0674
-10.7352
-44.6484
10.7938
1.5886
-13.1455
-18.1214
-82.4817
-17.7021
8.9369
-34.5652
-48.3332
-21.0356
201.8580
-58.3431
-61.6705
-20.5426
-58.2382
5.8238
64.2362
-62.8256
-22.0340
-60.4701
-89.3545
-88.6462
-56.5814
-60.3840
-75.3598
-65.8388
-88.7682
-83.5304
-206.2208
-50.7697
-53.6682
-86.4378
-139.9548
-58.8598
-56.5743
-29.6690
-74.0830
-51.2711
-34.6046
183.8888
-116.8043
-70.8387
-62.5154
-58.5720
-8.9901
-100.0447
-2.6160
-63.2587
-11.6236
-165.7609
-100.5817
-110.9738
-53.8821
-100.6977
-112.2293
-21.4885
-113.3474
-66.2271
-120.5353
-131.7983
-74.3931
-116.7421
-130.3627
-142.0417
-120.8328
-125.3267
-139.4494
-6.6498
-155.6196
-107.3208
-97.8842
-140.3497
-131.0635
-96.2512
-127.8060
-97.6616
-132.3000
-74.5653
-70.8659
-123.7550
-66.5664
-87.9178
-61.4016
-101.8905
-67.1633
-80.1765
-94.8140
-113.8249
-74.6748
-100.4807
-84.2244
-97.4554
-65.8536
-100.0732
-96.0117
-38.1147
-98.3309
-90.0930
-182.7345
-113.6206
-113.8368
-109.2245
-64.5720
-136.3790
-133.5952
-170.7847
14.9163
-113.4097
-60.7181
-99.9691
-104.1242
-146.0020
-146.7782
-126.8624
-114.7961
-94.9352
-118.1191
-141.1886
-146.1263
-120.2739
-162.2229
-70.8041
-62.7474
-106.5413
-151.0626
-173.6624
-172.0222
-157.6288
-122.7455
-177.0241
-173.5914
-121.6919
-148.0321
-117.1691
-74.0020
-134.6947
-115.8573
-131.9704
-139.7157
-135.1092
-142.9922
-134.0652
-89.3522
-108.9505
-130.5709
-112.2494
-22.0821
-155.8195
-127.7941
-69.6782
-153.5171
-126.2173
-122.2414
-68.0514
-7.6266
-62.9349
-108.9375
-90.1863
-106.8936
-142.2478
-89.7886
-545.1566
-315.6873
-247.7287
-302.8597
-211.9044
-146.9950
-67.8822
-59.8266
-74.3449
-99.3421
-6.7659
-96.5887
-90.7050
-133.6188
-127.0053
-261.7246
-217.1189
-181.5278
-64.0951
-70.8944
-206.6604
-56.1128
-321.0939
-22.2657
-69.3421
-9.5203
19.4425
-7.4452
-121.5843
-200.4046
-142.9517
-58.8019
-33.9022
-125.1961
-173.7207
-224.6548
-37.0060
-262.8371
-224.8898
-163.4140
-131.7771
-212.2642
-151.7877
-28.0601
-18.0403
-42.0993
-63.0568
-154.3038
-114.9940
-193.5826
-157.2109
-0.5251
-50.3528
-231.1678
-151.2084
-201.2582
-215.2144
-223.6731
-41.7714
-188.4797
-56.5685
-137.9745
31.7878
-203.7454
-159.5998
-87.5621
-214.4717
4.1696
-34.9561
-232.0671
-119.3125
-21.8673
-138.3507
-152.4564
-15.7002
-66.9872
-73.7162
-185.1385
-211.3750
25.2189
-28.8202
-163.3463
-178.8772
-129.8342
-116.2129
-31.7133
-22.3458
-188.8892
-19.4151
-51.3312
14.9910
-146.6554
-132.8676
7.3243
-233.1922
-224.1743
14.1876
-209.0573
-176.7808
-171.4678
-50.4375
-220.7248
-7.0352
-224.1514
-226.1359
-62.3290
-228.7135
-17.7471
-234.7263
-56.6297
-181.0215
-170.0797
-16.0784
-56.9947
-192.1538
-40.6305
-218.8342
12.4377
-203.3026
-197.2050
-216.9885
-112.3169
-109.6027
-50.3593
-15.4598
-63.8615
-82.7258
3.3631
-42.3191
-118.9404
-29.5952
-171.7218
-36.9496
-158.1420
-262.0764
-179.9422
-211.5024
-198.2485
11.4589
30.4874
-153.4544
-202.2007
36.8547
3.3534
-83.3888
-9.5256
19.4299
-225.2502
-17.4880
-20.5205
-24.5347
-181.2627
17.3516
-91.8771
-232.2568
-202.4212
7.2074
10.3803
-6.1915
-14.6701
48.6370
-180.0074
-5.9468
-3.5039
-22.3966
45.0568
25.0326
-150.3888
43.5234
-7.0290
-196.9199
-169.7604
0.1625
-17.0190
-140.6769
-183.4179
-86.2625
-55.9696
-229.5966
-176.4702
-142.3511
-61.7257
-73.4038
-180.5884
16.3874
-34.0787
-190.9273
-221.2217
-17.1457
-24.8356
-139.9705
17.2642
-214.1831
-99.6853
-187.0164
74.2193
17.9051
-54.1275
-182.2777
10.7900
-56.2589
13.7294
58.4516
7.5360
-5.3143
60.1685
-184.4837
-0.0616
-23.7211
10.7134
-197.5874
-152.2364
-2.6743
-123.7252
-204.9240
-36.3856
69.4934
-30.6469
-194.2741
-173.7095
-205.6381
-136.9405
-36.7016
-67.1011
10.2848
-207.2226
-155.3131
-15.3408
-41.7098
-63.3237
-222.5379
-186.5945
-175.1455
-12.9347
-182.3553
-196.7609
-31.5153
-204.5813
2.4242
-216.5651
-129.8945
-3.4865
14.1276
-11.6780
-19.5268
-26.9834
3.1662
-191.3739
14.7306
-33.0301
-173.5920
-16.1086
-160.0229
-162.4208
-32.8945
-20.4636
-193.5878
11.1232
-58.9486
-201.6662
10.8126
-210.6179
-148.2391
31.4108
-47.3822
-46.2841
-186.8080
-24.1588
-133.1545
-185.1836
-37.4665
-230.2580
20.3048
-148.0080
2.1408
58.1501
-221.1026
-178.9826
-29.3144
-26.6762
-213.2936
-256.9515
-24.3188
-232.4780
-188.8647
-217.3257
-187.3049
-233.3351
-21.0505
-15.0879
-225.8081
-69.0094
-47.2644
-16.3452
37.2014
-19.9380
-20.6534
-172.8307
-148.7149
-47.1165
25.2482
-13.9436
6.4681
21.7796
-25.2886
-160.4915
-25.0566
-175.4898
-222.6708
-2.5074
-185.6805
-76.7933
-15.6431
-175.8448
-161.2950
-27.2064
-215.0573
9.5515
-234.1239
-215.4816
-198.0240
-225.4146
-169.0212
-162.3492
-8.9760
-210.4663
-9.8512
-79.8254
-199.4860
-14.4603
-197.2006
-101.6149
-26.5643
-25.1900
7.6439
-46.1634
-230.6829
6.9740
-176.5196
-214.2179
-76.3479
-177.9400
53.0392
-12.3238
-173.0708
-21.7399
-153.9338
-164.6701
-219.6017
-30.1551
9.5383
-0.0885
-126.8917
-46.3418
-62.2906
-26.6393
-234.1356
18.3917
-74.8999
-95.1317
-188.6493
-65.0838
-43.2112
-48.2507
-181.9114
-273.4783
19.6647
-186.2242
26.9689
-32.8316
-22.1069
-16.9133
-24.1312
-144.2054
-41.1182
-187.8668
-91.0195
-52.1636
-25.2545
-20.8818
-206.2365
-230.3024
-193.2846
-23.2422
-37.3480
-225.5572
-131.3619
-185.4462
-84.3827
-18.4410
-22.1026
-12.9862
-181.7741
-24.1047
37.5256
-3.4656
40.1147
-180.9990
-211.5864
-36.7540
-204.4466
-37.6346
-146.5443
-179.3254
-203.2457
-166.7579
-204.1684
-29.3427
13.7801
58.3506
-199.3438
-252.0845
-202.6202
-205.5218
-179.0736
-47.4872
-57.8093
-222.8617
-183.9373
-150.9376
-95.4994
-50.4130
-197.3623
-72.5527
-25.2545
-15.4271
-207.9668
-29.9758
227.3303
-230.4879
-216.6537
-50.2080
-131.0285
3.4972
-119.5624
-224.9653
-29.1064
-116.7240
63.1640
-30.7626
11.4774
-148.9331
64.2420
34.2994
-155.2054
48.8748
-145.7681
-8.0773
-176.9216
-211.4239
-8.1871
-76.9787
-199.1877
66.5014
-142.5199
-42.1790
-88.8024
-60.7294
-22.0775
-211.8590
-23.7965
56.9939
-44.9036
-84.1926
-71.6181
-180.3787
222.4337
-206.7361
-12.5217
-229.2424
-65.3104
-31.8394
-134.7549
17.1800
-25.8732
35.3823
-27.0145
50.4748
5.8252
-88.2147
-18.6402
64.3674
-2.4954
-232.8957
36.2765
-12.9157
22.2836
-34.6621
-13.2804
-55.2552
-24.8989
-46.8241
-195.5634
48.8873
2.8521
-20.4202
-66.4824
57.6820
-272.3677
-64.6917
-210.3380
53.1905
-50.6874
-70.7850
-18.3406
-57.4558
-49.4178
-15.1351
-179.1054
20.7021
-164.2641
-182.8833
-44.0198
17.1481
-180.6260
50.2264
-41.7886
-85.6959
56.1577
-64.9395
-204.1547
-184.4563
-39.3148
66.1526
-84.5634
-88.9696
-181.0415
-190.0837
-159.9510
-175.0053
-172.7590
281.0052
-21.6835
-15.8474
-19.7029
0.2684
-184.4708
23.0699
-215.8063
17.4242
27.4626
-78.6326
-148.8329
-2.4439
-19.8083
37.1269
-52.1579
-102.0987
-61.3826
-169.2847
-39.9926
-194.0961
-148.5497
222.5100
-61.6480
-15.9538
-68.6428
-120.1918
-205.9300
52.4792
-28.6072
-49.3057
-269.1209
-176.1424
-169.9619
-79.2809
11.5879
-55.1501
-193.1995
-99.7538
10.9507
-56.9948
-187.9081
-147.8948
52.5074
-21.2654
3.2076
-19.3855
-67.6007
18.9136
-192.8575
-207.7669
-75.8766
-4.6516
30.1052
-161.6882
-21.6480
-179.2078
-71.7588
-11.0787
-169.8572
-218.9943
-173.6657
-26.5267
-7.3023
-164.1087
217.4489
-281.5156
-144.8971
-30.9483
-9.0321
-16.9192
-208.0514
-18.6857
-54.6793
-7.1343
-54.3718
55.6378
-231.9351
4.3364
17.9794
62.5340
-24.4901
-14.2722
-154.6232
-205.1788
-1.3791
37.2328
-195.9812
-95.6275
-22.1256
-49.6752
-24.9820
-207.7532
41.1421
-34.8472
-74.6151
-148.4580
-135.5626
-2.6571
-1.5440
-9.1894
-18.5577
-234.8771
10.3463
-78.7751
-193.3791
-162.1146
-134.5440
-93.8725
-55.7136
-185.4409
42.2698
-229.0000
-201.0687
-139.8294
-184.3803
-63.5954
53.1995
-23.8862
-58.8934
-20.2450
38.0402
-199.6221
-195.9022
-260.7027
-228.2078
-62.5536
-77.1483
-1.3078
-31.0430
-43.7212
-17.3706
-238.9574
-208.0896
-201.5519
-240.2132
-152.7590
-68.1968
-197.5105
-45.8600
-129.1684
9.2098
-34.4103
-6.1135
-166.8238
-56.4723
-165.1026
-225.4043
-148.5086
-208.1058
-197.1933
-141.2801
-116.7315
-189.7114
