-316.9616
-112.0995
-359.8502
-87.8302
-151.5167
-353.7106
-206.2489
-355.3093
-31.4877
-120.9395
-187.1544
-110.6319
12.2575
-325.5675
-124.7890
-225.3239
-383.4110
-86.6012
-308.1837
-319.8863
-433.2954
-83.2905
-434.8674
-136.0289
-97.7473
-176.8836
-416.6380
-338.0148
-182.7281
-378.8926
-110.6827
-460.3410
-92.0194
-304.2783
-150.3513
-57.1575
-113.5572
-64.3525
-214.0645
-97.1411
-85.6563
-236.7216
-132.2296
-460.6874
-298.6214
-230.6187
-184.2793
-89.1116
-308.8120
-367.2148
-178.0760
-144.2829
-210.8231
-92.6330
-417.2453
-204.7395
-93.4329
-190.8566
-205.3257
-123.2778
-220.5435
-251.2713
-219.9767
-154.6055
-250.1498
-96.3316
-345.6411
-44.8072
-36.0547
-135.0723
-98.2779
-85.5388
-112.9693
-410.3241
-284.8707
-137.7141
-94.1568
-189.4125
-124.5755
-238.5434
-81.9719
-328.8901
-203.8122
-102.9670
-42.8229
-396.0572
-82.6638
-70.0887
-244.4422
-91.8894
-239.1464
-291.7172
-158.7000
-4.3844
-332.8559
-248.9126
-102.0806
-172.8271
-78.8089
-386.9599
-367.0705
-203.9031
-399.5203
-176.2571
-313.9462
-105.0557
-185.8440
-213.2508
-36.9718
-287.2816
-300.4306
-235.0809
-4.5260
-177.3768
-129.7214
-231.4143
-170.9383
-61.4853
-132.6455
-112.8457
-108.0892
-251.6312
-166.2884
-396.1348
-302.5198
-130.6175
-2.3821
-126.7149
-274.1872
-288.6846
-80.5679
42.7206
-558.6511
-140.9768
-84.7505
-96.1760
-72.1327
-347.6726
-332.4824
-160.1616
-311.5115
-91.7248
-411.3320
-313.8993
-156.8768
-129.8578
-200.5598
-73.0960
-285.4227
-129.7521
-271.5275
-227.9986
-306.3703
-359.1109
-263.2784
-11.4486
-182.1834
-236.1558
-122.4237
-268.3201
-213.3655
-330.7425
-207.0757
-196.6777
-101.0370
-122.1552
-265.5058
-125.6356
-189.3227
-60.0134
-310.7736
-305.9362
-147.6653
-84.4573
-91.8054
-224.1232
-355.5713
-279.5347
-368.6540
-103.1899
-74.1680
-98.7775
-125.4421
-215.1736
-101.6090
-359.2116
-115.9346
-76.6354
-360.4463
-197.3463
-83.4967
-367.3026
-155.8094
-59.3432
-161.2597
-144.3024
-44.4768
-138.1159
-108.8724
-240.4599
-252.1320
-283.4049
-100.8937
-359.5245
-274.8837
-114.6104
-26.5981
-126.6722
-36.4646
-220.6177
-373.7966
-313.0882
-102.3183
-70.4271
-203.6965
-362.9571
-120.1754
-174.5154
-96.9480
-92.2005
-50.7636
-187.7881
-91.1692
-51.9783
-63.2089
-302.1847
-218.7620
-383.9142
-413.5772
-207.3563
-156.2133
-179.0806
-126.4628
-321.2512
-281.1938
-65.9422
-207.9699
-288.8830
-109.0052
-397.0091
-109.9264
-108.4584
-194.4465
-248.5743
-205.6307
-84.6971
-141.4839
-211.7778
-277.3977
-298.1036
