-316.9616
-112.0995
-359.8502
-87.8302
-151.5167
-353.7106
-206.2489
-355.3093
-31.4877
-120.9395
-187.1544
-110.6319
12.2575
-325.5675
-124.7890
-225.3239
-383.4110
-86.6012
-308.1837
-319.8863
-433.2954
-83.2905
-434.8674
-136.0289
-97.7473
-176.8836
-416.6380
-338.0148
-182.7281
-378.8926
-110.6827
-460.3410
-92.0194
-304.2783
-150.3513
-57.1575
-113.5572
-64.3525
-214.0645
-97.1411
-85.6563
-236.7216
-132.2296
-460.6874
-298.6214
-230.6187
-184.2793
-89.1116
-308.8120
-367.2148
-178.0760
-144.2829
-210.8231
-92.6330
-417.2453
-204.7395
-93.4329
-190.8566
-205.3257
-123.2778
-220.5435
-251.2713
-219.9767
-154.6055
-250.1498
-96.3316
-345.6411
-44.8072
-36.0547
-135.0723
-98.2779
-85.5388
-112.9693
-410.3241
-284.8707
-137.7141
-94.1568
-189.4125
-124.5755
-238.5434
-81.9719
-328.8901
-203.8122
-102.9670
-42.8229
-396.0572
-82.6638
-70.0887
-244.4422
-91.8894
-239.1464
-291.7172
-158.7000
-4.3844
-332.8559
-248.9126
-102.0806
-172.8271
-78.8089
-386.9599
-367.0705
-203.9031
-399.5203
-176.2571
-313.9462
-105.0557
-185.8440
-213.2508
-36.9718
-287.2816
-300.4306
-235.0809
-4.5260
-177.3768
-129.7214
-231.4143
-170.9383
-61.4853
-132.6455
-112.8457
-108.0892
-251.6312
-166.2884
-396.1348
-302.5198
-130.6175
-2.3821
-126.7149
-274.1872
-288.6846
-80.5679
42.7206
-558.6511
-140.9768
-84.7505
-96.1760
-72.1327
-347.6726
-332.4824
-160.1616
-311.5115
-91.7248
-411.3320
-313.8993
-156.8768
-129.8578
-200.5598
-73.0960
-285.4227
-129.7521
-271.5275
-227.9986
-306.3703
-359.1109
-263.2784
-11.4486
-182.1834
-236.1558
-122.4237
-268.3201
-213.3655
-330.7425
-207.0757
-196.6777
-101.0370
-122.1552
-265.5058
-125.6356
-189.3227
-60.0134
-310.7736
-305.9362
-147.6653
-84.4573
-91.8054
-224.1232
-355.5713
-279.5347
-368.6540
-103.1899
-74.1680
-98.7775
-125.4421
-215.1736
-101.6090
-359.2116
-115.9346
-76.6354
-360.4463
-197.3463
-83.4967
-367.3026
-155.8094
-59.3432
-161.2597
-144.3024
-44.4768
-138.1159
-108.8724
-240.4599
-252.1320
-283.4049
-100.8937
-359.5245
-274.8837
-114.6104
-26.5981
-126.6722
-36.4646
-220.6177
-373.7966
-313.0882
-102.3183
-70.4271
-203.6965
-362.9571
-120.1754
-174.5154
-96.9480
-92.2005
-50.7636
-187.7881
-91.1692
-51.9783
-63.2089
-302.1847
-218.7620
-383.9142
-413.5772
-207.3563
-156.2133
-179.0806
-126.4628
-321.2512
-281.1938
-65.9422
-207.9699
-288.8830
-109.0052
-397.0091
-109.9264
-108.4584
-194.4465
-248.5743
-205.6307
-84.6971
-141.4839
-211.7778
-277.3977
-298.1036
-77.0800
-183.1798
-72.3143
-38.2463
-23.3661
-88.2621
-195.3071
-236.8914
-119.0717
0.8238
-79.2327
-76.9478
-167.8734
-219.7519
-87.1976
-85.1915
-164.4843
-88.3651
-89.4946
-377.4796
-121.0625
-86.4749
-58.6738
-48.0720
-241.7096
-249.3758
-114.9663
-101.1721
-338.4690
-227.2909
-94.5115
-56.3629
-93.7594
-194.9969
-178.5624
-42.4568
-204.0043
-132.6659
-92.9045
-142.6186
-118.3179
-18.1123
-157.3951
-74.7230
-142.3107
-143.1894
-308.6594
-77.2985
-242.1507
-320.9149
-114.2640
-72.1356
-260.7105
-48.4637
-290.8600
-85.5334
-128.2625
-182.8759
-119.3941
-95.3116
-131.9666
-95.8526
-102.6409
-87.7606
-112.8386
-127.7725
-200.4180
-142.1595
-111.2791
-93.0861
-205.6610
-93.6411
-140.7368
-116.2793
-128.9684
-264.9956
-11.0134
-76.7897
-119.0073
-172.5885
-142.8501
-101.2132
-174.8337
-182.8052
-73.6466
-63.2117
-119.2309
-85.4616
-102.9213
-213.6901
-47.5000
-183.5521
-33.4545
-70.9285
-278.3824
-86.9399
-163.8045
-102.6437
-294.3252
-96.9364
-239.5607
-38.4212
-122.7464
-298.5942
-59.1686
-96.2023
-173.4222
-67.9477
-201.0109
108.4289
-118.9931
-86.1477
-90.8347
-63.5589
-76.9619
-238.5590
-183.1367
-104.0636
16.6703
-89.7414
-92.0370
-169.8768
-26.4572
-226.5413
-187.4514
-179.4506
-145.1176
-37.0556
-143.9028
-225.1530
-227.3638
-54.1030
-39.4140
-263.7278
-25.7955
-75.9056
-180.3116
-34.8797
-144.1580
-82.7055
-176.1073
-31.3742
-35.5720
-107.4135
-216.0416
-253.7973
-137.3531
1.7964
-228.1202
-40.4151
-172.0260
-3.9738
-209.0773
-72.4726
-67.9837
-92.1410
-168.8031
-77.1274
-208.6738
-142.1088
-77.1194
-64.2049
-94.1087
-18.7086
-46.3978
-168.6016
-52.7442
-208.9436
-53.3630
-288.2512
-199.1466
-119.7223
-112.2516
-62.0348
-50.4876
-93.8249
-145.9149
-169.8489
-87.7961
-30.4635
-114.7522
-69.5302
-131.3638
-55.2231
-59.2044
-135.9952
-13.3724
-182.1884
-190.6291
-148.8414
-145.0588
-67.9466
-137.4993
-223.6257
-137.1381
-193.5375
-90.8129
-69.6139
-77.1581
-138.5686
-143.5525
-122.9421
-49.1492
-185.0597
-52.0175
-57.0179
-18.4016
-204.6074
-20.7642
-21.0753
-48.8146
-212.2507
-102.5147
-131.2454
-257.3769
-66.9823
-103.8217
-126.5800
-69.5234
-67.3385
-169.3440
-97.7309
-123.9305
-59.8614
-213.0713
-40.7814
-164.5951
-196.8815
-59.1818
-127.0307
-304.7250
-128.2315
-181.6720
-43.8463
47.3300
-26.2700
-115.0760
-204.1972
-106.5219
-38.6743
-10.1816
12.9253
-135.8485
-66.0949
-71.3375
-72.6925
-5.1658
-261.2327
-34.0611
-32.4717
-141.8386
-63.3667
-30.0789
-39.9243
-291.3742
-194.1629
18.7732
-35.7948
-50.5145
-65.9744
22.3178
-7.8146
-84.5918
-37.3113
-4.7665
-141.5386
-53.9650
-0.4030
-147.2175
4.7639
-9.7163
-7.6756
-107.7788
-9.9066
-270.9505
-14.4592
-137.0125
-99.6026
-141.7256
-135.4124
-37.6635
14.3772
-190.2896
-171.8384
-29.2371
-26.8161
-51.0113
-35.1904
-140.8820
-516.2400
-1377.0435
53.7387
-136.8712
-237.9608
21.6328
-17.7388
-40.3986
-339.6719
-129.6645
-38.1560
19.4051
-39.5727
22.2407
-68.7154
-65.1836
-36.0791
-61.7490
-124.1225
-51.9089
-118.0725
-167.1715
-0.1546
-39.3729
-3.5274
-7.0477
2.6626
-93.3195
-65.7275
-100.8118
-101.5619
-92.8970
-2.9221
-49.3883
15.4418
-88.4339
-24.2219
-64.8989
2.9042
-13.2017
-56.7590
-75.6380
20.3937
-14.9464
-13.4877
-166.2096
-4.5701
-47.2431
-42.2155
-80.4754
57.3536
-139.1596
-12.7476
-13.6922
-29.0474
50.5437
3.3210
-25.7539
78.0722
-17.4521
-93.6585
-110.8117
-183.0726
-74.9027
-66.0928
-27.8488
-21.3381
-149.3103
-40.1996
-72.7724
-79.3377
-46.8638
-48.2825
-92.8640
-7.4841
-120.4339
-168.5302
-121.3236
-124.1049
-163.2854
-112.1383
-84.6746
-127.2517
-11.7322
-153.4176
49.7793
-50.4764
-9.9000
-123.0595
-66.6479
72.1888
92.1289
-18.0972
-231.0306
-56.6154
-140.2473
-108.3874
-81.4044
-83.7959
-105.9040
-25.0159
-79.0345
94.1333
-24.2087
-45.3917
114.0201
-40.3070
-107.2223
-129.0559
68.2909
-32.7213
60.2655
11.5782
-123.7177
52.8419
-123.8930
-43.2464
8.5378
-88.9484
-15.4875
-57.1690
2.7373
-32.2793
-37.6469
111.2028
34.2940
-5.7104
-11.2269
-7.8161
-210.7443
94.0677
-96.0212
-47.6502
-150.4394
-95.0676
-16.7166
-150.1556
-79.2338
-23.2176
94.0453
-31.8671
-33.5520
-148.8916
-79.5322
-38.0921
-6.4983
-26.7829
-90.1984
-99.9820
-175.5941
94.1659
-110.9143
-72.8041
-133.8839
-61.1012
57.9047
-128.4176
-113.6491
21.9704
-187.6181
-11.0973
-183.7274
-189.9577
0.1595
18.6995
-203.0424
-85.2170
-22.3237
-250.7480
34.0858
105.2191
70.3762
-73.8576
-74.8189
-38.7319
-116.2344
-92.9761
59.4393
-146.3100
-70.7905
53.3469
-106.7228
-243.8001
-126.8111
6.7393
-160.3344
-42.6759
-64.4421
69.2457
125.0579
-74.7844
-132.6837
-83.4650
92.9673
107.6856
-117.1635
-122.9183
-107.5575
-46.0313
43.9119
153.8737
-25.6131
-21.2494
-58.3905
-52.3982
-15.2746
-247.2049
-158.3393
72.1010
-68.5881
71.5988
