-316.9616
-112.0995
-359.8502
-87.8302
-151.5167
-353.7106
-206.2489
-355.3093
-31.4877
-120.9395
-187.1544
-110.6319
12.2575
-325.5675
-124.7890
-225.3239
-383.4110
-86.6012
-308.1837
-319.8863
-433.2954
-83.2905
-434.8674
-136.0289
-97.7473
-176.8836
-416.6380
-338.0148
-182.7281
-378.8926
-110.6827
-460.3410
-92.0194
-304.2783
-150.3513
-57.1575
-113.5572
-64.3525
-214.0645
-97.1411
-85.6563
-236.7216
-132.2296
-460.6874
-298.6214
-230.6187
-184.2793
-89.1116
-308.8120
-367.2148
-178.0760
-144.2829
-210.8231
-92.6330
-417.2453
-204.7395
-93.4329
-190.8566
-205.3257
-123.2778
-220.5435
-251.2713
-219.9767
-154.6055
-250.1498
-96.3316
-345.6411
-44.8072
-36.0547
-135.0723
-98.2779
-85.5388
-112.9693
-410.3241
-284.8707
-137.7141
-94.1568
-189.4125
-124.5755
-238.5434
-81.9719
-328.8901
-203.8122
-102.9670
-42.8229
-396.0572
-82.6638
-70.0887
-244.4422
-91.8894
-239.1464
-291.7172
-158.7000
-4.3844
-332.8559
-248.9126
-102.0806
-172.8271
-78.8089
-386.9599
-367.0705
-203.9031
-399.5203
-176.2571
-313.9462
-105.0557
-185.8440
-213.2508
-36.9718
-287.2816
-300.4306
-235.0809
-4.5260
-177.3768
-129.7214
-231.4143
-170.9383
-61.4853
-132.6455
-112.8457
-108.0892
-251.6312
-166.2884
-396.1348
-302.5198
-130.6175
-2.3821
-126.7149
-274.1872
-288.6846
-80.5679
42.7206
-558.6511
-140.9768
-84.7505
-96.1760
-72.1327
-347.6726
-332.4824
-160.1616
-311.5115
-91.7248
-411.3320
-313.8993
-156.8768
-129.8578
-200.5598
-73.0960
-285.4227
-129.7521
-271.5275
-227.9986
-306.3703
-359.1109
-263.2784
-11.4486
-182.1834
-236.1558
-122.4237
-268.3201
-213.3655
-330.7425
-207.0757
-196.6777
-101.0370
-122.1552
-265.5058
-125.6356
-189.3227
-60.0134
-310.7736
-305.9362
-147.6653
-84.4573
-91.8054
-224.1232
-355.5713
-279.5347
-368.6540
-103.1899
-74.1680
-98.7775
-125.4421
-215.1736
-101.6090
-359.2116
-115.9346
-76.6354
-360.4463
-197.3463
-83.4967
-367.3026
-155.8094
-59.3432
-161.2597
-144.3024
-44.4768
-138.1159
-108.8724
-240.4599
-252.1320
-283.4049
-100.8937
-359.5245
-274.8837
-114.6104
-26.5981
-126.6722
-36.4646
-220.6177
-373.7966
-313.0882
-102.3183
-70.4271
-203.6965
-362.9571
-120.1754
-174.5154
-96.9480
-92.2005
-50.7636
-187.7881
-91.1692
-51.9783
-63.2089
-302.1847
-218.7620
-383.9142
-413.5772
-207.3563
-156.2133
-179.0806
-126.4628
-321.2512
-281.1938
-65.9422
-207.9699
-288.8830
-109.0052
-397.0091
-109.9264
-108.4584
-194.4465
-248.5743
-205.6307
-84.6971
-141.4839
-211.7778
-277.3977
-298.1036
-77.0800
-183.1798
-72.3143
-38.2463
-23.3661
-88.2621
-195.3071
-236.8914
-119.0717
0.8238
-79.2327
-76.9478
-167.8734
-219.7519
-87.1976
-85.1915
-164.4843
-88.3651
-89.4946
-377.4796
-121.0625
-86.4749
-58.6738
-48.0720
-241.7096
-249.3758
-114.9663
-101.1721
-338.4690
-227.2909
-94.5115
-56.3629
-93.7594
-194.9969
-178.5624
-42.4568
-204.0043
-132.6659
-92.9045
-142.6186
-118.3179
-18.1123
-157.3951
-74.7230
-142.3107
-143.1894
-308.6594
-77.2985
-242.1507
-320.9149
-114.2640
-72.1356
-260.7105
-48.4637
-290.8600
-85.5334
-128.2625
-182.8759
-119.3941
-95.3116
-131.9666
-95.8526
-102.6409
-87.7606
-112.8386
-127.7725
-200.4180
-142.1595
-111.2791
-93.0861
-205.6610
-93.6411
-140.7368
-116.2793
-128.9684
-264.9956
-11.0134
-76.7897
-119.0073
-172.5885
-142.8501
-101.2132
-174.8337
-182.8052
-73.6466
-63.2117
-119.2309
-85.4616
-102.9213
-213.6901
-47.5000
-183.5521
-33.4545
-70.9285
-278.3824
-86.9399
-163.8045
-102.6437
-294.3252
-96.9364
-239.5607
-38.4212
-122.7464
-298.5942
-59.1686
-96.2023
-173.4222
-67.9477
-201.0109
108.4289
-118.9931
-86.1477
-90.8347
-63.5589
-76.9619
-238.5590
-183.1367
-104.0636
16.6703
-89.7414
-92.0370
-169.8768
-26.4572
-226.5413
-187.4514
-179.4506
-145.1176
-37.0556
-143.9028
-225.1530
-227.3638
-54.1030
-39.4140
-263.7278
-25.7955
-75.9056
-180.3116
-34.8797
-144.1580
-82.7055
-176.1073
-31.3742
-35.5720
-107.4135
-216.0416
-253.7973
-137.3531
1.7964
-228.1202
-40.4151
-172.0260
-3.9738
-209.0773
-72.4726
-67.9837
-92.1410
-168.8031
-77.1274
-208.6738
-142.1088
-77.1194
-64.2049
-94.1087
-18.7086
-46.3978
-168.6016
-52.7442
-208.9436
-53.3630
-288.2512
-199.1466
-119.7223
-112.2516
-62.0348
-50.4876
-93.8249
-145.9149
-169.8489
-87.7961
-30.4635
-114.7522
-69.5302
-131.3638
-55.2231
-59.2044
-135.9952
-13.3724
-182.1884
-190.6291
-148.8414
-145.0588
-67.9466
-137.4993
-223.6257
-137.1381
-193.5375
-90.8129
-69.6139
-77.1581
-138.5686
-143.5525
-122.9421
-49.1492
-185.0597
-52.0175
-57.0179
-18.4016
-204.6074
-20.7642
-21.0753
-48.8146
-212.2507
-102.5147
-131.2454
-257.3769
-66.9823
-103.8217
-126.5800
-69.5234
-67.3385
-169.3440
-97.7309
-123.9305
-59.8614
-213.0713
-40.7814
-164.5951
-196.8815
-59.1818
-127.0307
-304.7250
-128.2315
-181.6720
-43.8463
47.3300
-26.2700
-115.0760
-204.1972
-106.5219
-38.6743
-10.1816
12.9253
-135.8485
-66.0949
-71.3375
-72.6925
-5.1658
-261.2327
-34.0611
-32.4717
-141.8386
-63.3667
-30.0789
-39.9243
-291.3742
-194.1629
18.7732
-35.7948
-50.5145
-65.9744
22.3178
-7.8146
-84.5918
-37.3113
-4.7665
-141.5386
-53.9650
-0.4030
-147.2175
4.7639
-9.7163
-7.6756
-107.7788
-9.9066
-270.9505
-14.4592
-137.0125
-99.6026
-141.7256
-135.4124
-37.6635
14.3772
-190.2896
-171.8384
-29.2371
-26.8161
-51.0113
-35.1904
-140.8820
-516.2400
-1377.0435
53.7387
-136.8712
-237.9608
21.6328
-17.7388
-40.3986
-339.6719
-129.6645
-38.1560
19.4051
-39.5727
22.2407
-68.7154
-65.1836
-36.0791
-61.7490
-124.1225
-51.9089
-118.0725
-167.1715
-0.1546
-39.3729
-3.5274
-7.0477
2.6626
-93.3195
-65.7275
-100.8118
-101.5619
-92.8970
-2.9221
-49.3883
15.4418
-88.4339
-24.2219
-64.8989
2.9042
-13.2017
-56.7590
-75.6380
20.3937
-14.9464
-13.4877
-166.2096
-4.5701
-47.2431
-42.2155
-80.4754
57.3536
-139.1596
-12.7476
-13.6922
-29.0474
50.5437
3.3210
-25.7539
78.0722
-17.4521
-93.6585
-110.8117
-183.0726
-74.9027
-66.0928
-27.8488
-21.3381
-149.3103
-40.1996
-72.7724
-79.3377
-46.8638
-48.2825
-92.8640
-7.4841
-120.4339
-168.5302
-121.3236
-124.1049
-163.2854
-112.1383
-84.6746
-127.2517
-11.7322
-153.4176
49.7793
-50.4764
-9.9000
-123.0595
-66.6479
72.1888
92.1289
-18.0972
-231.0306
-56.6154
-140.2473
-108.3874
-81.4044
-83.7959
-105.9040
-25.0159
-79.0345
94.1333
-24.2087
-45.3917
114.0201
-40.3070
-107.2223
-129.0559
68.2909
-32.7213
60.2655
11.5782
-123.7177
52.8419
-123.8930
-43.2464
8.5378
-88.9484
-15.4875
-57.1690
2.7373
-32.2793
-37.6469
111.2028
34.2940
-5.7104
-11.2269
-7.8161
-210.7443
94.0677
-96.0212
-47.6502
-150.4394
-95.0676
-16.7166
-150.1556
-79.2338
-23.2176
94.0453
-31.8671
-33.5520
-148.8916
-79.5322
-38.0921
-6.4983
-26.7829
-90.1984
-99.9820
-175.5941
94.1659
-110.9143
-72.8041
-133.8839
-61.1012
57.9047
-128.4176
-113.6491
21.9704
-187.6181
-11.0973
-183.7274
-189.9577
0.1595
18.6995
-203.0424
-85.2170
-22.3237
-250.7480
34.0858
105.2191
70.3762
-73.8576
-74.8189
-38.7319
-116.2344
-92.9761
59.4393
-146.3100
-70.7905
53.3469
-106.7228
-243.8001
-126.8111
6.7393
-160.3344
-42.6759
-64.4421
69.2457
125.0579
-74.7844
-132.6837
-83.4650
92.9673
107.6856
-117.1635
-122.9183
-107.5575
-46.0313
43.9119
153.8737
-25.6131
-21.2494
-58.3905
-52.3982
-15.2746
-247.2049
-158.3393
72.1010
-68.5881
71.5988
-55.7460
-96.5479
-24.3677
105.1089
79.1260
-19.3786
-35.9160
85.4430
-59.5173
-66.6210
-16.9613
-75.4233
-82.9670
-40.9148
-109.5838
-70.3205
58.5132
74.2186
-248.1431
-136.4944
-81.9427
72.0523
155.9875
115.0736
7.7826
-18.7375
-15.4328
90.5791
21.2085
62.3429
-53.6691
-110.8631
-13.8023
-95.9933
55.0603
39.6058
-67.4415
-30.5149
48.6368
-38.9849
-2.2793
-67.7223
-15.1465
-120.0198
-126.6863
-87.5033
-64.8498
27.4905
82.0180
23.8087
49.1720
-82.4707
71.2436
33.8489
122.0470
-62.7354
162.9068
-11.1143
20.0908
123.0630
55.2195
41.2551
-84.0031
-138.7505
-96.8843
59.7462
-38.2768
-8.0655
-58.5647
-39.2720
-55.2038
-184.0565
-30.9280
-66.6063
-74.0004
-65.4682
-64.9991
3.6721
-28.3046
13.3429
-23.5283
-87.1010
-59.6603
-38.2970
-82.6404
-23.3432
-129.9503
-5.8032
-5.6351
-89.9689
-79.1783
-61.4536
-109.2795
-64.6787
-77.8692
-50.2706
-66.3420
-51.5573
27.9726
-26.2919
-86.5660
-84.1164
-123.4730
56.4863
-51.3794
11.9243
-13.4086
100.9105
-96.3351
134.5144
-269.8810
45.3694
46.8194
4.5178
-62.7018
17.6878
-95.3940
-21.6702
-44.4282
-158.0523
-43.5932
1.8887
-29.4167
-46.5311
-47.8050
-101.8371
-86.1880
-22.7474
-118.4419
-32.9763
-86.6669
-34.2508
-55.0712
-33.7394
-2.6816
-34.3930
-6.4157
-64.9313
-8.4077
4.6483
36.9850
33.2764
-86.8854
65.2047
62.8247
73.6773
54.8465
-103.8336
-68.5333
-44.3774
-53.6200
0.3175
-62.8748
-56.5901
-56.9540
-29.4699
-85.1317
-47.7636
-41.4652
-42.1496
-71.7530
-29.9784
-34.1618
-32.0813
-79.3085
-28.3652
-59.4193
-15.5699
-88.9722
-75.0783
-67.5421
-57.6016
-93.5671
-73.9008
-63.2006
-62.9444
-68.0370
-39.8026
-15.6199
-79.8077
-109.6120
-133.9963
-73.0733
-152.8470
-76.2437
-48.5108
-91.9018
-75.9882
-132.3216
-49.8379
-46.1632
-63.3788
-80.3017
-63.5481
-53.3305
-44.5015
-76.8201
-79.3710
-127.9288
-85.1451
-51.7291
-37.0403
-18.1770
-59.1840
-5.5721
-13.8337
-109.4104
-88.8991
-72.1615
-6.1563
-46.8267
-47.9886
-54.6265
-5.0204
-58.9278
-49.5565
-20.4135
-79.2555
-69.2253
-131.9876
-9.1199
19.4872
-67.7151
25.7452
83.4340
-123.8542
-3.9440
-26.5869
-191.7431
-8.8865
-68.6083
-62.7169
-24.8300
-48.2369
-25.8620
-82.7329
-85.7184
-63.7992
-99.9812
-97.7059
-103.7964
-69.6081
-91.2503
-107.4569
-94.9434
-76.2592
-67.8888
-92.3437
-0.8242
-71.9747
-35.7136
-96.9978
-123.6437
-124.6615
-146.9012
-127.4630
-132.3569
-115.5360
-107.3614
-71.4652
-130.8700
-86.2234
-94.2203
-109.0601
-135.9295
-158.6086
-115.1944
-89.5985
-99.0511
-121.3342
-103.5919
-91.3152
-120.3431
-159.6762
-148.3317
-182.6489
-172.1672
-141.3664
-131.2242
-129.3673
-107.3182
-93.1497
-115.8047
-102.5915
-93.4149
-131.4389
-103.7511
-165.9995
-157.4892
-166.4878
-134.5498
-145.8546
-91.6020
-128.2065
-97.7815
-150.3311
-99.6442
-143.6625
-126.5035
-160.0285
-127.7746
-146.1813
-113.7973
-130.5792
-163.2455
-115.1664
-140.1732
-96.5201
-115.8543
-169.1193
-130.9290
-107.2424
-159.1175
-376.2775
-128.6479
-334.4808
-151.0138
-158.2598
-133.1170
-112.9837
-107.9180
-129.6937
-146.0763
-126.0943
-135.2051
-169.3304
-389.0159
-486.5411
-182.7840
-150.5193
-153.5766
-216.5005
-373.2901
-446.7929
-439.6739
-116.4142
-314.5245
-116.4659
-105.5814
-563.9467
-454.4756
-127.6611
-471.4913
-398.6471
-514.8323
-348.4660
-161.9272
-156.9175
-170.7627
-226.0298
-610.0215
-117.9914
-444.3056
-129.4423
-551.2582
-529.6761
-154.9627
-103.9036
-239.4145
-255.3521
-586.2056
-233.2118
-569.1065
-153.5501
-304.4230
-352.3746
-191.4285
-642.9557
-474.0883
-519.6783
-423.2057
-353.1714
-255.5354
-248.9030
-337.1919
-365.4784
-303.4924
14.0483
-268.2789
-354.5935
-372.5516
-307.9860
-399.2656
-101.2804
118.8550
-270.7211
-240.1809
-120.4584
-201.9771
-303.1491
-289.2055
-321.5239
-225.8647
-68.6213
-258.8161
-260.1625
-176.4933
-78.1377
10.2676
-154.7301
-277.2664
-221.1250
-65.2526
-325.5985
-270.7612
-199.3452
-271.3403
-303.6711
-211.1955
-382.1694
103.4623
-265.3160
-275.2596
-88.7452
-257.8006
-278.9569
-380.4136
-301.6619
-86.7711
-275.8049
-219.0439
-199.6522
-166.7151
-69.3878
25.0421
-176.5692
-149.4023
-129.6537
54.0308
82.9542
-284.0002
-73.9861
-229.6344
76.7731
-44.4529
-196.9159
-214.1749
-163.9697
-225.7300
-51.4715
-382.0700
-205.2483
-5.3966
-191.9848
-181.4846
-64.6128
-254.5904
-247.0125
134.4657
-354.4268
-52.2307
-256.8759
51.1009
-111.2918
-369.4205
-198.5343
-243.2433
162.7548
-267.6410
-117.3956
-205.3968
-103.8878
-253.0718
-325.9673
70.5762
-43.5103
-99.1180
-271.6844
-221.8307
-57.6822
-69.2306
-69.5827
-59.1345
-364.1030
-304.6360
-189.2058
-256.4244
-298.0949
-221.7012
-108.8152
-275.3027
-96.4761
-232.6315
-61.6660
-337.0195
-193.1515
-187.9782
-194.9711
-45.5413
-371.1632
-71.7325
-155.5617
-2.2107
-225.6275
-153.8677
-51.7723
-0.4984
-55.2815
72.3776
-186.2371
151.7172
-255.5978
-216.4946
-15.1893
-207.0356
-250.4419
-288.3189
-314.4014
-46.7479
-218.3966
144.1883
-49.8295
175.9619
-12.9275
109.8644
-247.7879
-180.6327
-199.6704
-193.5326
-173.3526
-131.1235
-51.5962
-129.2135
120.7136
-19.3847
-71.4119
-109.3756
-192.9085
-174.6913
62.9794
-279.1839
-175.1884
-29.7093
-170.6120
-84.4534
149.9247
-12.3908
-35.6910
-198.4768
-49.0703
-38.7172
-233.6030
-260.1408
141.7064
-22.5258
-75.8756
118.6245
-87.2590
-257.4827
-25.1483
-220.7215
75.3567
-226.8674
-207.7567
-242.3733
-101.3364
-185.7230
-24.7663
-42.7362
-277.6393
5.0736
104.2733
-64.0491
-82.9076
-109.2727
136.7594
-31.3027
-2.4290
-265.5529
-165.1510
-324.8184
-249.6922
-162.9797
-178.2442
-176.3164
-78.9005
81.7409
-104.9291
154.3335
152.4931
125.6130
-199.8203
-38.3513
1.7494
-20.5583
-243.4475
-0.9528
-202.3477
-224.7595
-204.2940
-184.5995
-216.0199
-97.2738
-140.6957
-37.5194
-202.6493
-219.4605
-91.8016
-234.2872
-54.2599
6.8087
-203.4367
-29.1919
-216.4889
-120.0730
42.1086
-68.7265
-19.2514
-173.2217
-104.2893
-35.3235
-198.9997
-26.2234
47.5916
-195.9602
-23.8584
-182.7579
-50.2372
-199.0942
-8.2093
-190.0582
-269.6528
-16.3681
50.0893
-118.0102
-228.3374
-217.5660
-45.7763
-45.8252
-154.4589
-197.3196
-193.9712
-12.6742
-14.0283
-314.8364
-25.1331
-110.2776
149.2650
-10.3216
-13.2940
-229.2085
-87.0607
-195.7169
-245.8405
-198.3807
132.6775
80.9000
-153.9914
-57.7104
-198.6937
185.8695
-241.0853
-209.5675
128.4519
-54.8828
-23.0437
-74.0019
-152.2594
-56.1162
-18.6026
-54.4422
-200.5291
-222.7435
82.8420
-43.7102
-52.0377
-14.1014
-74.7973
-217.6737
-196.1879
13.7334
-96.3434
-179.0325
25.4751
239.8031
-224.7253
-171.0437
-208.1822
-235.0832
-180.5657
-24.4809
-233.5739
-255.0758
-218.1780
-239.9726
-207.7331
126.4595
150.2611
-209.7335
-206.0554
138.8311
4.5485
100.5510
-35.7475
-27.1321
-174.3796
-10.6360
-218.0279
-230.4945
-63.7106
-34.1534
-217.2134
-225.8703
-208.0867
-194.8282
-214.7004
-19.1798
-13.8824
-4.5929
-47.7924
-232.1543
-27.0598
23.1523
-191.8414
-175.4517
-24.7616
123.5457
117.0252
-173.0259
-226.2243
-35.3111
-179.7028
-150.7376
-81.3413
233.8775
-38.5757
-52.7042
-173.9617
-201.2107
-172.3668
-161.4760
86.8518
-171.4815
-96.1670
-55.5152
30.1896
-79.9219
-20.5420
-237.3789
30.6900
275.4676
-197.6129
-55.3744
191.3514
202.7785
-206.4205
-182.5293
15.7282
-5.4172
-33.4344
