-197.9832
-135.5576
-101.8802
-203.7162
-26.5530
-221.5092
-117.5323
-267.0266
-232.1780
-83.9502
-192.4400
-250.2502
-103.7458
-102.5267
-203.3734
-166.8176
-180.0060
-92.6801
-104.3280
-61.9213
-106.8161
-74.2317
-112.8846
-132.6486
-179.9131
-388.4780
-145.0651
-252.4537
-151.8011
-200.4357
-119.3848
-88.8182
-132.2530
-304.8424
-138.8304
-84.1380
-65.6879
-88.6756
-90.7491
-115.0645
-136.8973
-326.7393
-104.6327
-144.8994
-110.1871
-96.7004
-437.8632
-120.5921
-131.4362
-133.3167
-106.7072
-110.2166
-364.1315
-97.6322
-88.0372
-122.4260
-268.2775
-74.7567
-138.0950
-118.4090
-164.9828
-40.3518
-294.1081
-48.1439
-223.5643
-135.1846
-104.2283
-269.8147
-105.6728
-91.8769
-95.0309
-89.3301
-184.6349
-61.3521
-90.8864
-118.1807
-140.3778
-87.6934
-267.1721
-114.5645
-169.5382
-122.0315
15.4859
-385.6963
-184.2538
-89.8124
-114.5848
-141.0194
-78.5039
-75.5121
-85.0692
-45.7600
-99.4067
-122.4948
-69.3424
-162.1274
-231.0987
-63.8712
-81.0857
-166.3128
-360.4288
-126.0625
-148.5673
-118.1647
-72.4885
-148.2504
-80.5541
-105.0115
-78.4615
-77.7510
-151.6831
-117.8358
-135.3282
-58.3769
-168.3707
-95.0395
-107.7905
-178.5822
-138.5649
-120.7117
-218.0652
-93.9111
-111.2813
-131.2247
-191.5724
-77.1840
-319.4309
-125.1180
-90.6837
-203.0053
-103.7042
-149.4832
-122.4939
-73.1412
-69.1514
-214.8749
-129.6915
-117.9335
-116.5186
-77.3124
-135.6938
-92.3204
-323.7252
-76.4695
-143.8953
-112.2910
-106.6978
-211.1689
-79.6852
-148.1800
-49.8222
-123.4454
-258.6446
-284.1531
-105.0566
-82.1152
-110.2381
-123.8035
-78.9063
-73.3850
-138.5208
-42.1803
-413.7221
-45.8089
-56.6281
-88.0431
-82.6219
-113.8726
-78.6008
-109.1801
-169.0751
-80.5412
19.6580
-38.0129
-81.8166
-73.5885
-70.7924
-127.4103
-80.5711
-114.0731
-115.7732
-53.5237
-55.6844
-150.1100
-105.2095
-120.1194
-189.1165
-46.1688
-73.9922
-174.1199
-75.1924
-155.8950
-92.7802
-161.5816
-96.2666
-79.0266
-47.8211
-226.8174
-91.5102
-56.1885
32.2901
-221.5501
-143.1126
-177.5151
-69.5703
-95.5854
-96.5479
-81.6940
-100.3655
-71.5372
-315.8011
-65.1909
-127.1809
-84.8724
-53.7283
-136.8226
-67.8441
-180.7118
-19.9065
-64.3551
-167.1687
-77.4045
-169.2933
-192.9326
-32.7422
-35.0394
-69.7125
-56.2469
-78.6470
-77.3867
-73.7646
-126.2167
-94.7606
-162.8422
-68.0288
-82.7139
-94.6901
-84.6110
-45.4802
-58.1886
-190.0456
-80.0679
-86.5931
-34.9561
-116.5031
-99.1688
-85.0158
-76.9277
-77.0131
-92.2610
