-197.9832
-135.5576
-101.8802
-203.7162
-26.5530
-221.5092
-117.5323
-267.0266
-232.1780
-83.9502
-192.4400
-250.2502
-103.7458
-102.5267
-203.3734
-166.8176
-180.0060
-92.6801
-104.3280
-61.9213
-106.8161
-74.2317
-112.8846
-132.6486
-179.9131
-388.4780
-145.0651
-252.4537
-151.8011
-200.4357
-119.3848
-88.8182
-132.2530
-304.8424
-138.8304
-84.1380
-65.6879
-88.6756
-90.7491
-115.0645
-136.8973
-326.7393
-104.6327
-144.8994
-110.1871
-96.7004
-437.8632
-120.5921
-131.4362
-133.3167
-106.7072
-110.2166
-364.1315
-97.6322
-88.0372
-122.4260
-268.2775
-74.7567
-138.0950
-118.4090
-164.9828
-40.3518
-294.1081
-48.1439
-223.5643
-135.1846
-104.2283
-269.8147
-105.6728
-91.8769
-95.0309
-89.3301
-184.6349
-61.3521
-90.8864
-118.1807
-140.3778
-87.6934
-267.1721
-114.5645
-169.5382
-122.0315
15.4859
-385.6963
-184.2538
-89.8124
-114.5848
-141.0194
-78.5039
-75.5121
-85.0692
-45.7600
-99.4067
-122.4948
-69.3424
-162.1274
-231.0987
-63.8712
-81.0857
-166.3128
-360.4288
-126.0625
-148.5673
-118.1647
-72.4885
-148.2504
-80.5541
-105.0115
-78.4615
-77.7510
-151.6831
-117.8358
-135.3282
-58.3769
-168.3707
-95.0395
-107.7905
-178.5822
-138.5649
-120.7117
-218.0652
-93.9111
-111.2813
-131.2247
-191.5724
-77.1840
-319.4309
-125.1180
-90.6837
-203.0053
-103.7042
-149.4832
-122.4939
-73.1412
-69.1514
-214.8749
-129.6915
-117.9335
-116.5186
-77.3124
-135.6938
-92.3204
-323.7252
-76.4695
-143.8953
-112.2910
-106.6978
-211.1689
-79.6852
-148.1800
-49.8222
-123.4454
-258.6446
-284.1531
-105.0566
-82.1152
-110.2381
-123.8035
-78.9063
-73.3850
-138.5208
-42.1803
-413.7221
-45.8089
-56.6281
-88.0431
-82.6219
-113.8726
-78.6008
-109.1801
-169.0751
-80.5412
19.6580
-38.0129
-81.8166
-73.5885
-70.7924
-127.4103
-80.5711
-114.0731
-115.7732
-53.5237
-55.6844
-150.1100
-105.2095
-120.1194
-189.1165
-46.1688
-73.9922
-174.1199
-75.1924
-155.8950
-92.7802
-161.5816
-96.2666
-79.0266
-47.8211
-226.8174
-91.5102
-56.1885
32.2901
-221.5501
-143.1126
-177.5151
-69.5703
-95.5854
-96.5479
-81.6940
-100.3655
-71.5372
-315.8011
-65.1909
-127.1809
-84.8724
-53.7283
-136.8226
-67.8441
-180.7118
-19.9065
-64.3551
-167.1687
-77.4045
-169.2933
-192.9326
-32.7422
-35.0394
-69.7125
-56.2469
-78.6470
-77.3867
-73.7646
-126.2167
-94.7606
-162.8422
-68.0288
-82.7139
-94.6901
-84.6110
-45.4802
-58.1886
-190.0456
-80.0679
-86.5931
-34.9561
-116.5031
-99.1688
-85.0158
-76.9277
-77.0131
-92.2610
-65.3737
-93.3017
-16.6092
-262.0931
-93.9034
-46.1907
-65.1994
-77.2324
-91.1001
-116.4109
-108.0661
-67.3015
-104.5783
-40.8812
-97.8530
-65.8163
-74.5661
-36.1080
-80.0124
-24.2760
-74.2230
-47.6020
-16.9382
-53.0506
-108.2549
-46.7778
-127.1276
-52.1174
-83.8578
18.2439
-66.3652
-14.1376
-42.3586
-120.0750
-92.0574
-38.3093
-53.3572
-69.7982
-78.2103
-74.2814
-344.3405
-83.1299
-61.0646
-489.7856
-26.5886
-57.3949
-222.5438
-55.2278
-60.3641
-134.1682
-188.4839
-190.3735
-263.4742
-24.3819
-110.8047
-64.7224
-85.5958
-160.4792
-26.4270
-30.8011
-19.3282
20.4387
-29.5444
4.3409
-44.7738
-306.4608
-17.1732
1.7156
14.7385
-39.9874
-27.2955
-13.7628
-59.6254
-68.2788
-16.9283
-104.6209
-35.5825
-102.8920
-36.7785
-24.5609
-209.8358
-33.8094
-30.5811
-53.8807
-94.9559
-75.2026
-40.9066
-19.9173
-17.2763
-154.6782
-102.2297
-126.0851
-52.7073
46.6179
-59.6513
24.5775
-36.3810
13.0574
-56.6303
-5.8099
4.4298
-310.7082
-129.3676
-256.0547
-3.8146
-247.9180
38.0045
-20.3211
-23.6344
-134.9297
34.1966
2.8164
-22.4607
-69.9078
-77.2132
-2.1318
-15.4470
27.4147
34.8405
-42.4119
1.1027
61.2317
-5.1070
24.9834
-25.8731
13.9043
33.7088
6.8303
-59.7474
-48.3530
25.3925
40.0251
-40.0405
31.6864
-5.2835
-45.3192
-9.7092
-134.3795
5.6862
23.9866
23.6558
41.6385
10.4951
-9.7531
14.8684
-24.4439
-52.7317
-113.0420
6.8236
-32.2518
18.1107
41.5183
-58.2933
44.5634
-16.7554
3.4232
24.8417
42.4230
37.0008
24.2550
-109.8608
38.9995
44.6293
10.7288
22.5495
7.2505
3.0155
56.2973
26.7978
-25.3456
44.3465
28.0986
43.2363
8.4808
27.0155
7.5731
-54.6010
-9.0284
-4.9741
27.9268
30.8839
82.7209
61.8384
42.8136
4.1905
-14.0194
7.5240
24.4612
41.2350
-4.0075
38.4639
47.3200
52.5676
-2.0857
-9.3125
81.5327
85.3769
-2.9155
54.4002
16.9785
72.6717
-122.1073
-39.8310
-1.8910
49.6728
35.5157
34.3245
51.8175
19.3257
-27.2745
33.1732
72.3398
31.8342
70.3322
13.0744
12.2611
54.9480
69.2077
36.5731
86.6164
8.3035
-34.9968
-167.2243
1.7442
-144.1899
10.1473
39.8605
-141.6543
11.8280
-92.4621
-80.9275
-88.0499
-102.8931
-51.5689
-132.2267
-112.9162
-46.1442
-127.8675
-113.1740
-42.6307
-148.9887
-122.7114
-115.1457
-113.2146
-93.0361
-79.8234
-100.7740
-168.9318
-180.2573
-93.6778
