-315.1995
-110.5414
-258.2854
-281.7762
-131.6947
-111.0223
-6.9548
-317.9845
-89.2995
-134.1154
-116.1046
-290.3670
-222.0740
-261.7535
-264.7657
-121.6708
-448.0783
-130.3650
-289.3425
-324.4069
-315.4542
-325.3038
-441.7413
-514.9401
-62.3422
-114.5893
-67.6038
-397.1248
-172.1946
-505.4109
-116.2166
-166.7863
-291.9412
-103.5077
-94.2839
-306.4937
-305.5761
-176.9423
-183.7890
-458.5695
-500.8411
-480.4569
-348.8729
-67.9193
-261.8816
-359.4086
-236.3294
-518.1590
-220.8915
-521.0450
-284.2214
-67.7243
-148.3762
-531.9367
-212.7368
-104.8892
-522.6982
-325.2835
-294.4262
-52.9252
-334.4205
-159.8115
-292.7843
-60.2610
-430.1782
-54.0012
-417.2351
-399.4968
-119.8719
-118.3523
-195.0259
-37.3485
-262.4911
-378.8158
-234.3428
-307.6055
-90.7702
-206.2288
-65.1713
-380.3492
-83.7451
-178.6154
-69.1364
-114.8795
-234.6877
-52.2249
-94.5536
-213.4829
-286.3742
-112.2597
-216.7162
-338.1030
-236.8736
-290.6656
-622.3313
-128.0234
-196.6100
-158.8481
-111.9816
-299.8180
-419.0587
-577.5911
-237.7507
-512.2889
-444.2687
-440.4108
-474.0419
-405.8503
-343.7166
-261.4555
-189.5044
-357.6840
-452.1174
-116.8922
-648.0970
-574.8337
-70.1211
-174.7607
-234.0726
-197.0383
-577.6271
-354.0845
-261.8556
-303.9205
-128.6088
-39.2336
-475.4020
-143.1026
-284.5729
-281.7515
-521.7376
-331.7936
-420.0059
-294.0104
-657.7355
-101.8720
-550.6387
-469.7579
-221.7043
-469.1563
-425.0296
-219.8106
-194.6001
-586.4313
-270.1024
-335.0361
-331.8863
-248.0745
-379.3515
-64.7287
-409.5105
-72.6676
-382.5085
-331.7321
-251.1664
-27.5116
-69.7128
-113.7020
-130.7874
-70.3938
-123.0906
-260.6226
-111.8339
-410.7367
-242.5865
-384.9802
-304.0557
-100.8963
-113.3800
-181.6662
-116.7756
-162.3082
-100.3356
-99.7041
-340.4588
-74.5954
-133.1889
-115.7853
-126.1073
2.6193
-196.1280
-240.4975
-157.2289
-173.1422
-127.9754
-112.6411
-75.1401
-85.4936
-307.5080
-263.5036
-223.3149
-97.0711
-326.1368
-118.3561
-95.6015
-188.8562
-224.9704
-60.8709
-170.6750
76.1909
-371.2202
-57.4865
-236.4445
-374.0903
-363.9057
-62.3797
-260.4306
-50.0805
-113.8630
-280.9752
-70.5992
-67.9419
-139.3880
-44.5582
-66.5643
-78.9077
-51.7032
-126.7174
-419.5406
-134.8200
-118.3492
-98.8402
-290.9773
-208.1232
-216.2604
-282.8089
-115.5837
-364.2825
-108.7651
-185.3201
-328.8304
-494.0479
-123.1321
-209.0692
-88.4407
-148.4089
-85.3565
-77.1725
-79.9822
-310.5325
-104.5203
-157.0135
-155.3379
-58.0505
-165.4164
-99.0805
-184.4069
-147.5250
-64.5713
-88.5642
-236.3590
-95.6646
-107.2028
-175.2450
-404.8097
75.6120
-179.2677
-343.7574
-331.2292
-263.5344
-398.8859
-98.8409
-108.1025
-388.0970
-287.1224
-78.3674
-136.6254
-363.3085
-62.3270
-105.5249
-363.4216
-46.8308
-110.4499
-99.9843
-114.0132
-82.7780
-235.2425
-102.7052
-53.7098
-34.5826
-173.1964
-60.2728
-173.0774
-41.7130
-119.9239
-119.7218
-199.0593
-169.5502
-112.4946
-90.7604
-27.7594
-55.5153
-130.1631
-179.8557
-182.6808
-90.6763
-76.8073
-134.0450
-19.9467
-64.4129
-323.8339
-80.4236
-65.5765
-121.6602
-178.4565
-51.8863
-103.0063
-83.8689
-109.0558
-209.3734
-94.9461
-110.4303
-77.1286
-76.7483
-193.4989
-244.9521
-72.2117
-64.4903
-134.9768
-165.8514
-80.6809
-106.6075
-123.3051
-99.1241
-86.6604
-111.7753
-101.5200
-120.4664
-86.2165
-73.6756
-104.0617
-125.6724
-13.1713
-66.1595
-210.5600
-90.1696
-48.9126
-56.5481
-130.4614
-73.0722
-150.6842
-37.1491
-41.7178
-91.4107
-26.1030
-62.8886
-284.8837
-102.0793
-88.8003
-167.8341
-65.3293
-119.2930
-68.3530
-65.5079
-133.6480
-56.1434
-106.6976
-123.8160
-19.6268
-87.5741
-128.8405
-188.2049
-92.3977
-89.6049
-163.5590
-109.4036
-105.1409
-77.1707
-64.9508
-67.2377
-89.0293
-128.8294
-50.7275
-232.5429
-78.6498
-136.6475
-100.9721
-105.5075
-79.0869
-68.7236
-103.2820
-95.8603
-73.6330
-67.9758
-117.7959
-82.6364
-63.7524
-114.1307
-95.2046
-144.8382
-109.3430
-89.5481
-104.8495
-86.2747
-102.7575
-103.3122
-101.0220
-110.9459
-121.6227
-70.2785
-206.5197
-52.5705
-27.6704
-163.6697
-21.1055
-63.3138
-59.5238
-147.1833
-70.2937
4.5469
-33.4582
-15.7169
-56.8389
-108.1444
-107.1486
-135.3833
-211.3789
-84.5731
-70.6494
-233.5660
-43.9487
-64.6529
-8.8271
-52.3918
-21.8268
-54.6851
0.4663
-49.7065
4.5375
-120.1710
-108.1685
-17.1254
-34.6095
-38.8354
-24.3974
-55.6822
-21.0399
-28.3995
-71.8730
9.0014
-85.8704
-10.6513
-70.9111
-27.1712
-54.7986
-18.7381
-20.5511
-138.5398
-130.7333
-13.6262
-41.3629
-19.2631
-35.1675
-48.8541
-7.9776
-5.4634
0.8089
-109.2823
-58.8511
21.5058
-83.4057
-38.0398
-44.8734
-18.4207
-9.9016
-49.6373
8.9967
-17.0999
-33.7516
-74.5265
-28.8022
-4.3984
-13.1770
-5.9469
-20.5426
-19.5844
-40.5857
11.3067
-16.2399
-91.5997
-51.6752
-47.8839
-21.5051
-34.5193
-35.2938
-64.5701
-57.7890
-58.3450
-43.9279
20.2185
-55.0905
-75.9244
0.6155
-6.5650
-96.6712
29.7639
11.2627
-47.2583
-14.8510
-140.1715
